0 0.4641 51.4646 
1 0.4578 51.5238
2 0.6824 49.7905
3 0.7764 49.2297
4 0.7562 49.3445
5 6.4215 40.0544
6 0.6040 50.3205
7 0.9164 48.5102
8 1.0999 47.7172
9 0.9349 48.4233
10 0.9995 48.1330
11 6.6379 39.9105
12 0.7133 49.5980
13 0.8758 48.7067
14 0.6491 50.0078
15 0.6102 50.2758
16 0.9464 48.3698
17 6.9088 39.7368
18 0.5841 50.4656
19 0.7433 49.4189
20 0.9857 48.1935
21 0.8982 48.5972
22 1.3034 46.9799
23 6.6939 39.8740
24 0.9981 48.1393
25 1.0185 48.0511
26 1.1049 47.6975
27 0.9586 48.3145
28 0.9358 48.4191
29 6.4812 40.0142
30 0.9766 48.2334
31 0.8841 48.6656
32 0.8311 48.9341
33 1.0955 47.7346
34 1.0180 48.0531
35 7.6748 39.2801
36 0.9512 48.3480
37 1.3493 46.8296
38 1.1950 47.3572
39 1.2729 47.0828
40 1.1832 47.4001
41 7.5944 39.3259
42 1.3457 46.8415
43 1.4765 46.4385
44 1.0400 47.9603
45 1.3153 46.9405
46 1.1177 47.6475
47 7.5951 39.3254
48 1.3025 46.9829
49 0.9761 48.2361
50 1.3399 46.8602
51 1.4118 46.6331
52 1.8961 45.3522
53 8.3799 38.8984
54 1.3791 46.7348
55 1.3019 46.9850
56 1.5411 46.2524
57 1.5345 46.2712
58 1.5624 46.1929
59 8.0173 39.0905
60 0.9613 48.3023
61 1.1048 47.6981
62 1.2224 47.2588
63 1.0166 48.0592
64 1.1962 47.3528
65 7.3721 39.4549
66 0.7653 49.2927
67 1.4305 46.5759
68 1.1130 47.6659
69 1.3006 46.9892
70 1.1805 47.4102
71 7.5682 39.3409
72 0.7994 49.1033
73 1.0985 47.7227
0 0.4641 51.4646 
1 0.4578 51.5238 
2 0.6824 49.7905 
3 0.7764 49.2297 
4 0.7562 49.3445 
5 6.4215 40.0544 
6 0.6040 50.3205 
7 0.9164 48.5102 
8 1.0999 47.7172 
9 0.9349 48.4233 
10 0.9995 48.1330 
11 6.6379 39.9105 
12 0.7133 49.5980 
13 0.8758 48.7067 
14 0.6491 50.0078 
15 0.6102 50.2758 
16 0.9464 48.3698 
17 6.9088 39.7368 
18 0.5841 50.4656 
19 0.7433 49.4189 
20 0.9857 48.1935 
21 0.8982 48.5972 
22 1.3034 46.9799 
23 6.6939 39.8740 
24 0.9981 48.1393 
25 1.0185 48.0511 
26 1.1049 47.6975 
27 0.9586 48.3145 
28 0.9358 48.4191 
29 6.4812 40.0142 
30 0.9766 48.2334 
31 0.8841 48.6656 
32 0.8311 48.9341 
33 1.0955 47.7346 
34 1.0180 48.0531 
35 7.6748 39.2801 
36 0.9512 48.3480 
37 1.3493 46.8296 
38 1.1950 47.3572 
39 1.2729 47.0828 
40 1.1832 47.4001 
41 7.5944 39.3259 
42 1.3457 46.8415 
43 1.4765 46.4385 
44 1.0400 47.9603 
45 1.3153 46.9405 
46 1.1177 47.6475 
47 7.5951 39.3254 
48 1.3025 46.9829 
49 0.9761 48.2361 
50 1.3399 46.8602 
51 1.4118 46.6331 
52 1.8961 45.3522 
53 8.3799 38.8984 
54 1.3791 46.7348 
55 1.3019 46.9850 
56 1.5411 46.2524 
57 1.5345 46.2712 
58 1.5624 46.1929 
59 8.0173 39.0905 
60 0.9613 48.3023 
61 1.1048 47.6981 
62 1.2224 47.2588 
63 1.0166 48.0592 
64 1.1962 47.3528 
65 7.3721 39.4549 
66 0.7653 49.2927 
67 1.4305 46.5759 
68 1.1130 47.6659 
69 1.3006 46.9892 
70 1.1805 47.4102 
71 7.5682 39.3409 
72 0.7994 49.1033 
73 1.0985 47.7227 
