0 307.4937 23.2524
1 105.5053 27.8981
2 347.8571 22.7168
3 380.1046 22.3318
4 135.4926 26.8116
5 374.3962 22.3975
6 394.4298 22.1711
7 150.7296 26.3488
8 398.4409 22.1272
9 360.6773 22.5596
10 134.5250 26.8428
11 305.5670 23.2797
12 270.3390 23.8117
13 102.8844 28.0073
14 217.7267 24.7517
15 204.5519 25.0228
16 100.1475 28.1244
17 198.1524 25.1608
18 193.1553 25.2717
19 94.6102 28.3714
20 129.2301 27.0172
21 86.8674 28.7422
22 50.5012 31.0978
23 35.4443 32.6353
24 31.6231 33.1308
25 22.0377 34.6991
26 25.2401 34.1099
27 30.0580 33.3512
28 27.8607 33.6809
29 40.3183 32.0758
30 31.9265 33.0893
31 29.4697 33.4370
32 33.5647 32.8720
33 31.0706 33.2073
34 19.1541 35.3082
35 34.1267 32.7999
36 27.9510 33.6668
37 17.7426 35.6406
38 33.9777 32.8189
39 30.7069 33.2584
40 21.7683 34.7526
41 31.9291 33.0889
42 26.8538 33.8408
43 37.2491 32.4196
44 44.9661 31.6019
45 39.5426 32.1602
46 37.6863 32.3690
47 45.8513 31.5173
48 47.9186 31.3258
49 84.2959 28.8727
50 977.3896 18.2301
51 1392.6107 16.6925
52 1288.4527 17.0301
53 487.9938 21.2467
54 1161.3888 17.4810
55 1141.4697 17.5562
56 505.1934 21.0962
57 1438.2494 16.5525
58 1289.6246 17.0262
59 500.4596 21.1371
60 1235.8126 17.2113
61 1016.8463 18.0583
62 367.8739 22.4738
63 914.5621 18.5187
64 986.2265 18.1910
65 397.2043 22.1407
66 973.8761 18.2458
67 896.5625 18.6050
68 420.9105 21.8889
69 964.5123 18.2877
70 979.2351 18.2219
71 512.5241 21.0337
72 1293.3430 17.0137
73 1264.8405 17.1104
0 307.4937 23.2524 
1 105.5053 27.8981 
2 347.8571 22.7168 
3 380.1046 22.3318 
4 135.4926 26.8116 
5 374.3962 22.3975 
6 394.4298 22.1711 
7 150.7296 26.3488 
8 398.4409 22.1272 
9 360.6773 22.5596 
10 134.5250 26.8428 
11 305.5670 23.2797 
12 270.3390 23.8117 
13 102.8844 28.0073 
14 217.7267 24.7517 
15 204.5519 25.0228 
16 100.1475 28.1244 
17 198.1524 25.1608 
18 193.1553 25.2717 
19 94.6102 28.3714 
20 129.2301 27.0172 
21 86.8674 28.7422 
22 50.5012 31.0978 
23 35.4443 32.6353 
24 31.6231 33.1308 
25 22.0377 34.6991 
26 25.2401 34.1099 
27 30.0580 33.3512 
28 27.8607 33.6809 
29 40.3183 32.0758 
30 31.9265 33.0893 
31 29.4697 33.4370 
32 33.5647 32.8720 
33 31.0706 33.2073 
34 19.1541 35.3082 
35 34.1267 32.7999 
36 27.9510 33.6668 
37 17.7426 35.6406 
38 33.9777 32.8189 
39 30.7069 33.2584 
40 21.7683 34.7526 
41 31.9291 33.0889 
42 26.8538 33.8408 
43 37.2491 32.4196 
44 44.9661 31.6019 
45 39.5426 32.1602 
46 37.6863 32.3690 
47 45.8513 31.5173 
48 47.9186 31.3258 
49 84.2959 28.8727 
50 977.3896 18.2301 
51 1392.6107 16.6925 
52 1288.4527 17.0301 
53 487.9938 21.2467 
54 1161.3888 17.4810 
55 1141.4697 17.5562 
56 505.1934 21.0962 
57 1438.2494 16.5525 
58 1289.6246 17.0262 
59 500.4596 21.1371 
60 1235.8126 17.2113 
61 1016.8463 18.0583 
62 367.8739 22.4738 
63 914.5621 18.5187 
64 986.2265 18.1910 
65 397.2043 22.1407 
66 973.8761 18.2458 
67 896.5625 18.6050 
68 420.9105 21.8889 
69 964.5123 18.2877 
70 979.2351 18.2219 
71 512.5241 21.0337 
72 1293.3430 17.0137 
73 1264.8405 17.1104 
