0 350.0141 22.6899 
1 423.1231 21.8661
2 463.6165 21.4692
3 509.7518 21.0572
4 461.7096 21.4871
5 452.4569 21.5750
6 505.7489 21.0915
7 503.0118 21.1150
8 529.1417 20.8951
9 467.9434 21.4289
10 477.9253 21.3372
11 567.5974 20.5904
12 571.6897 20.5592
13 592.1963 20.4061
14 497.3119 21.1645
15 482.8138 21.2930
16 581.3231 20.4866
17 558.5690 20.6600
18 577.9992 20.5115
19 426.6529 21.8301
20 413.5385 21.9656
21 524.0190 20.9373
22 492.1656 21.2097
23 492.1367 21.2099
24 337.6259 22.8464
25 333.8070 22.8958
26 506.9094 21.0815
27 501.5982 21.1272
28 508.1666 21.0707
29 334.0752 22.8924
30 324.5979 23.0173
31 496.8076 21.1689
32 444.9855 21.6473
33 423.3834 21.8635
34 227.5015 24.5610
35 188.9798 25.3666
36 305.0934 23.2865
37 249.0273 24.1683
38 209.0086 24.9292
39 92.9701 28.4474
40 73.2283 29.4840
41 145.3007 26.5081
42 145.3071 26.5079
43 133.3362 26.8813
44 67.3778 29.8456
45 70.4220 29.6537
46 148.9504 26.4004
47 175.1303 25.6972
48 182.1339 25.5269
49 102.3401 28.0303
50 88.7699 28.6481
51 174.6163 25.7100
52 171.0473 25.7996
53 150.3956 26.3585
54 71.4473 29.5909
55 61.0040 30.2772
56 100.9366 28.0903
57 101.3368 28.0731
58 98.9703 28.1758
59 66.8002 29.8830
60 46.9182 31.4174
61 81.7193 29.0076
62 85.7570 28.7981
63 83.1328 28.9331
64 54.3694 30.7773
65 58.8009 30.4370
66 106.7256 27.8481
67 129.4207 27.0108
68 148.5964 26.4107
69 92.1924 28.4839
70 76.4091 29.2994
71 195.7076 25.2147
72 247.2407 24.1996
73 262.1714 23.9449
74 131.3215 26.9474
75 136.0616 26.7934
76 288.2126 23.5337
77 314.3405 23.1568
78 323.8515 23.0273
79 170.0083 25.8261
80 201.3768 25.0907
81 685.0655 19.7735
82 1333.8548 16.8797
83 2095.3710 14.9182
84 2788.0249 13.6778
85 1922.0656 15.2931
86 2401.7538 14.3255
87 2147.1887 14.8121
88 1682.5871 15.8710
89 1655.0131 15.9428
90 1677.8806 15.8832
91 2163.3181 14.7796
92 2087.3199 14.9349
93 1681.7843 15.8731
94 1653.2891 15.9473
95 1891.6087 15.3625
96 2302.1696 14.5094
97 2323.5987 14.4692
98 1728.8981 15.7531
99 1742.1803 15.7199
100 1676.8078 15.8860
101 2271.4933 14.5677
102 2053.5853 15.0057
103 1287.0014 17.0350
104 1223.7082 17.2540
105 1236.7677 17.2079
106 1694.4427 15.8405
107 1766.6966 15.6592
108 1316.4047 16.9369
109 1340.5073 16.8581
110 1305.2567 16.9738
111 1625.0630 16.0221
112 1736.6941 15.7336
113 1343.3017 16.8491
114 1366.9061 16.7734
115 1438.8146 16.5508
116 2095.1508 14.9187
117 2116.5091 14.8746
118 1660.0287 15.9296
119 1551.6594 16.2228
