0 307.4937 23.2524 
1 105.5053 27.8981 
2 347.8571 22.7168 
3 380.1046 22.3318 
4 135.4926 26.8116 
5 374.3962 22.3975 
6 394.4298 22.1711 
7 150.7296 26.3488 
8 398.4409 22.1272 
9 360.6773 22.5596 
10 134.5250 26.8428 
11 305.5670 23.2797 
12 270.3390 23.8117 
13 102.8844 28.0073 
14 217.7267 24.7517 
15 204.5519 25.0228 
16 100.1475 28.1244 
17 198.1524 25.1608 
18 193.1553 25.2717 
19 94.6102 28.3714 
20 129.2301 27.0172 
21 86.8647 28.7424 
22 50.5012 31.0978 
23 35.4448 32.6353 
24 31.6224 33.1308 
25 22.0366 34.6994 
26 25.2374 34.1104 
27 30.0482 33.3526 
28 27.5753 33.7256 
29 40.0389 32.1060 
30 37.9770 32.3356 
31 20.9214 34.9249 
32 33.7318 32.8504 
33 31.0323 33.2127 
34 19.1545 35.3081 
35 34.1451 32.7975 
36 27.9521 33.6667 
37 17.7428 35.6406 
38 33.9783 32.8188 
39 30.7068 33.2585 
40 21.7683 34.7526 
41 31.9291 33.0889 
42 26.8538 33.8408 
43 37.2491 32.4196 
44 44.9661 31.6019 
45 39.5426 32.1602 
46 37.6863 32.3690 
47 45.8513 31.5173 
48 47.9186 31.3258 
49 84.2959 28.8727 
50 977.3878 18.2301 
51 1392.6098 16.6925 
52 1288.4526 17.0301 
53 487.9928 21.2467 
54 1161.3887 17.4810 
55 1141.4756 17.5561 
56 505.2171 21.0960 
57 1438.2169 16.5526 
58 1289.9528 17.0251 
59 495.5484 21.1799 
60 1220.3237 17.2661 
61 1100.7481 17.7139 
62 552.3211 20.7089 
63 908.8252 18.5460 
64 985.7693 18.1931 
65 396.9864 22.1430 
66 973.8951 18.2457 
67 896.6047 18.6048 
68 420.9065 21.8889 
69 964.5096 18.2877 
70 979.2363 18.2219 
71 512.5256 21.0336 
72 1293.3430 17.0137 
73 1264.8425 17.1104 
