0 89.7796 28.5990 
1 270.9286 23.8023 
2 376.3122 22.3753 
3 158.1813 26.1393 
4 118.6699 27.3874 
5 154.0046 26.2555 
6 387.8937 22.2437 
7 515.0199 21.0126 
8 504.1917 21.1048 
9 366.2330 22.4932 
10 509.7216 21.0575 
11 695.4508 19.7081 
12 668.4172 19.8803 
13 629.0724 20.1438 
14 388.0810 22.2416 
15 340.2020 22.8134 
16 595.0093 20.3856 
17 729.5459 19.5003 
18 697.4598 19.6956 
19 559.7924 20.6505 
20 524.0376 20.9372 
21 783.6418 19.1896 
22 763.4840 19.3028 
23 589.1127 20.4288 
24 453.2364 21.5676 
25 554.2063 20.6941 
26 701.2601 19.6720 
27 755.1958 19.3502 
28 773.4417 19.2465 
29 764.2793 19.2983 
30 599.9429 20.3497 
31 875.5953 18.7078 
32 727.4364 19.5129 
33 647.4787 20.0185 
34 374.2802 22.3988 
35 390.7246 22.2121 
36 398.2157 22.1296 
37 571.6365 20.5596 
38 483.3904 21.2878 
39 279.0394 23.6741 
40 351.4803 22.6718 
41 586.7428 20.4463 
42 668.3175 19.8810 
43 614.5164 20.2455 
44 451.7843 21.5815 
45 364.9632 22.5083 
46 493.1214 21.2013 
47 630.4211 20.1345 
48 457.1648 21.5301 
49 582.4603 20.4781 
50 674.2178 19.8428 
51 897.6410 18.5998 
52 1300.1412 16.9909 
53 1646.3515 15.9656 
54 1993.5946 15.1344 
55 2727.6085 13.7730 
56 1999.9345 15.1206 
57 1662.9760 15.9219 
58 1362.0760 16.7888 
59 902.7570 18.5751 
60 762.7615 19.3069 
61 1021.7725 18.0373 
62 1032.1249 17.9935 
63 880.6992 18.6825 
64 577.4031 20.5160 
65 537.9727 20.8232 
66 766.0487 19.2882 
67 920.3396 18.4913 
68 998.3876 18.1378 
69 841.1660 18.8820 
70 759.3087 19.3266 
71 988.6434 18.1804 
72 970.6475 18.2602 
73 855.8409 18.8069 
74 579.9917 20.4966 
75 785.0742 19.1817 
76 1421.6887 16.6028 
77 2171.1941 14.7638 
78 2438.6257 14.2594 
79 1116.6144 17.6518 
80 680.9121 19.7999 
81 792.9883 19.1381 
82 866.2908 18.7542 
83 776.9118 19.2271 
84 553.2146 20.7019 
85 407.0775 22.0340 
86 596.3424 20.3758 
87 682.4220 19.7903 
88 721.5855 19.5479 
89 627.7827 20.1527 
90 640.2723 20.0672 
91 757.6005 19.3364 
92 786.0496 19.1763 
93 807.4271 19.0598 
94 629.9913 20.1375 
95 479.5862 21.3221 
96 809.7569 19.0473 
97 935.5820 18.4200 
98 870.4476 18.7334 
99 493.0301 21.2021 
100 514.9916 21.0128 
101 690.2429 19.7408 
102 826.4400 18.9587 
103 708.7037 19.6262 
104 497.2849 21.1648 
105 519.8357 20.9721 
106 931.7528 18.4378 
107 1228.5633 17.2368 
108 1446.6249 16.5272 
109 1068.1077 17.8447 
110 945.4503 18.3744 
111 1144.6693 17.5440 
112 1039.9173 17.9608 
113 909.7090 18.5418 
114 730.0981 19.4970 
115 776.9931 19.2266 
116 926.2565 18.4635 
117 954.7552 18.3319 
118 790.1914 19.1535 
119 468.1469 21.4270 
0 89.4327 28.6158 
1 270.3403 23.8117 
2 375.9294 22.3797 
3 157.6781 26.1531 
4 118.3520 27.3990 
5 153.6613 26.2652 
6 387.7580 22.2452 
7 515.0606 21.0122 
8 503.8696 21.1076 
9 365.6150 22.5006 
10 509.2241 21.0617 
11 694.8048 19.7122 
12 668.3018 19.8811 
13 628.7364 20.1461 
14 387.3465 22.2498 
15 339.5698 22.8215 
16 594.1471 20.3919 
17 728.6970 19.5053 
18 695.8385 19.7057 
19 559.1620 20.6554 
20 523.5873 20.9409 
21 783.3409 19.1913 
22 763.4856 19.3028 
23 588.9092 20.4303 
24 453.1785 21.5681 
25 553.8315 20.6970 
26 701.0849 19.6731 
27 755.3243 19.3495 
28 773.3912 19.2468 
29 763.9515 19.3001 
30 599.7950 20.3508 
31 875.2026 18.7097 
32 727.0193 19.5153 
33 646.5853 20.0245 
34 373.6648 22.4060 
35 389.8546 22.2218 
36 397.3225 22.1394 
37 571.1311 20.5634 
38 482.5358 21.2955 
39 278.2201 23.6869 
40 350.9818 22.6780 
41 586.3042 20.4496 
42 668.1842 19.8818 
43 613.8827 20.2499 
44 451.1310 21.5878 
45 364.6316 22.5123 
46 492.6958 21.2050 
47 630.2548 20.1356 
48 456.7446 21.5341 
49 582.0526 20.4812 
50 672.1284 19.8563 
51 894.1650 18.6166 
52 1296.1961 17.0041 
53 1639.6595 15.9833 
54 1983.6219 15.1562 
55 2731.8137 13.7663 
56 2002.7319 15.1146 
57 1665.1097 15.9164 
58 1364.5984 16.7808 
59 904.0039 18.5691 
60 761.3705 19.3148 
61 1020.3129 18.0435 
62 1031.3233 17.9969 
63 879.8718 18.6866 
64 576.8227 20.5204 
65 537.2498 20.8290 
66 765.3255 19.2923 
67 920.2308 18.4918 
68 997.8316 18.1402 
69 840.3071 18.8864 
70 758.2249 19.3328 
71 987.4754 18.1855 
72 969.8017 18.2640 
73 854.5452 18.8135 
74 578.8880 20.5049 
75 786.6916 19.1728 
76 1424.7119 16.5935 
77 2174.6172 14.7570 
78 2442.9447 14.2517 
79 1120.1594 17.6380 
80 677.7315 19.8202 
81 790.6206 19.1511 
82 865.1555 18.7599 
83 775.6500 19.2341 
84 552.2797 20.7092 
85 406.5556 22.0396 
86 595.9531 20.3787 
87 682.2307 19.7915 
88 721.2177 19.5501 
89 627.5139 20.1546 
90 640.0909 20.0684 
91 757.3535 19.3378 
92 786.0558 19.1763 
93 807.3157 19.0604 
94 629.8675 20.1383 
95 479.1399 21.3262 
96 809.5507 19.0484 
97 935.5776 18.4200 
98 870.0870 18.7352 
99 492.5518 21.2063 
100 514.3374 21.0183 
101 689.5570 19.7451 
102 825.8853 18.9616 
103 707.6854 19.6324 
104 496.3820 21.1726 
105 518.7143 20.9815 
106 930.3086 18.4445 
107 1227.0463 17.2422 
108 1443.8454 16.5356 
109 1066.8472 17.8498 
110 944.3019 18.3797 
111 1143.9595 17.5467 
112 1039.2367 17.9637 
113 908.6788 18.5467 
114 729.2301 19.5022 
115 777.6919 19.2227 
116 926.8794 18.4606 
117 954.9661 18.3309 
118 789.2881 19.1584 
119 467.1011 21.4367 
