0 305.9934 23.2737 
1 108.6268 27.7714 
2 333.5852 22.8987 
3 371.0643 22.4363 
4 125.6283 27.1399 
5 366.8355 22.4861 
6 392.8730 22.1883 
7 140.4752 26.6548 
8 395.2541 22.1620 
9 350.6453 22.6821 
10 123.5556 27.2122 
11 302.4960 23.3236 
12 254.7606 24.0695 
13 93.1859 28.4373 
14 216.4205 24.7778 
15 203.0545 25.0547 
16 90.8328 28.5484 
17 193.9216 25.2545 
18 192.3518 25.2898 
19 85.8073 28.7956 
20 138.3168 26.7221 
21 85.2255 28.8251 
22 45.5245 31.5484 
23 36.7055 32.4835 
24 32.9947 32.9464 
25 20.4958 35.0142 
26 26.9246 33.8293 
27 36.2547 32.5372 
28 60.1217 30.3405 
29 1058.1228 17.8854 
30 6331.6571 10.1156 
31 9195.8133 8.4949 
32 14238.5002 6.5962 
33 14221.7149 6.6013 
34 14224.1904 6.6005 
35 13850.5487 6.7161 
36 14247.3822 6.5935 
37 14244.9400 6.5942 
38 14263.6399 6.5885 
39 14250.1427 6.5926 
40 14251.5638 6.5922 
41 14252.0976 6.5920 
42 14246.5353 6.5937 
43 14234.4313 6.5974 
44 14262.6527 6.5888 
45 14261.7673 6.5891 
46 14264.8233 6.5881 
47 14258.2673 6.5901 
48 14277.2410 6.5844 
49 14266.0622 6.5878 
50 14279.1870 6.5838 
51 14283.9451 6.5823 
52 14282.6915 6.5827 
53 14284.7126 6.5821 
54 14280.2481 6.5834 
55 14269.7747 6.5866 
56 14280.9337 6.5832 
57 14258.6723 6.5900 
58 14258.6796 6.5900 
59 14261.4823 6.5892 
60 14274.9432 6.5851 
61 14245.7884 6.5939 
62 14255.7196 6.5909 
63 14242.8662 6.5948 
64 14243.9414 6.5945 
65 14229.7399 6.5988 
66 14261.6820 6.5891 
67 14243.3770 6.5947 
68 14268.6543 6.5870 
69 14250.0893 6.5926 
70 14263.9522 6.5884 
71 14263.7709 6.5885 
72 19525.1428 5.2249 
73 19136.0916 5.3123 
74 18333.9507 5.4982 
75 19083.4855 5.3242 
76 19153.4292 5.3083 
77 19136.9423 5.3121 
78 18234.0949 5.5220 
79 18943.7431 5.3561 
80 18760.7890 5.3983 
81 17885.5574 5.6058 
82 18671.1373 5.4191 
83 18659.9299 5.4217 
84 18547.8738 5.4479 
85 18092.8563 5.5557 
86 19286.2559 5.2783 
87 19548.0650 5.2198 
88 18839.7686 5.3800 
89 18828.4107 5.3827 
90 19511.2742 5.2279 
91 19167.7387 5.3051 
92 18069.3022 5.5614 
93 18851.1694 5.3774 
94 18614.1385 5.4324 
95 18600.6178 5.4355 
96 17765.6733 5.6350 
97 18726.9365 5.4061 
98 18710.9848 5.4098 
99 17779.1190 5.6317 
100 18509.5489 5.4568 
101 18494.4026 5.4604 
102 18068.1727 5.5617 
103 16850.7851 5.8646 
104 17495.0813 5.7016 
105 17344.5974 5.7392 
106 16415.7225 5.9782 
107 16400.0525 5.9824 
108 17389.4278 5.7280 
109 17536.7460 5.6913 
110 17420.1744 5.7203 
111 18771.3330 5.3959 
112 19245.5158 5.2875 
113 19231.8276 5.2906 
114 18766.6332 5.3969 
115 19540.6748 5.2214 
116 19422.3274 5.2478 
117 19003.4481 5.3425 
118 20039.3147 5.1120 
0 305.9934 23.2737 
1 108.6268 27.7714 
2 333.5852 22.8987 
3 371.0643 22.4363 
4 125.6283 27.1399 
5 366.8355 22.4861 
6 392.8730 22.1883 
7 140.4752 26.6548 
8 395.2541 22.1620 
9 350.6453 22.6821 
10 123.5556 27.2122 
11 302.4960 23.3236 
12 254.7606 24.0695 
13 93.1859 28.4373 
14 216.4205 24.7778 
15 203.0545 25.0547 
16 90.8328 28.5484 
17 193.9216 25.2545 
18 192.3518 25.2898 
19 85.8073 28.7956 
20 138.3168 26.7221 
21 85.2255 28.8251 
22 45.5245 31.5484 
23 36.7055 32.4835 
24 32.9947 32.9464 
25 20.4958 35.0142 
26 26.9246 33.8293 
27 32.6013 32.9985 
28 25.6476 34.0403 
29 41.1420 31.9880 
30 33.2145 32.9175 
31 27.3198 33.7660 
32 35.6532 32.6098 
33 32.0313 33.0751 
34 18.0118 35.5752 
35 32.1526 33.0586 
36 28.3907 33.5990 
37 16.7558 35.8892 
38 34.0515 32.8094 
39 29.7973 33.3890 
40 19.4770 35.2356 
41 31.5784 33.1369 
42 31.0747 33.2067 
43 34.0763 32.8063 
44 50.3077 31.1145 
45 41.8037 31.9187 
46 33.2364 32.9147 
47 43.4222 31.7537 
48 54.7540 30.7466 
49 59.9425 30.3535 
50 502.7105 21.1176 
51 1387.6286 16.7081 
52 1237.6299 17.2049 
53 254.8297 24.0683 
54 1175.7199 17.4278 
55 1103.5698 17.7028 
56 258.0688 24.0134 
57 1470.1305 16.4572 
58 1266.4619 17.1049 
59 248.1281 24.1840 
60 1277.4581 17.0673 
61 992.5990 18.1631 
62 200.5904 25.1077 
63 945.2943 18.3751 
64 963.1155 18.2940 
65 209.8799 24.9111 
66 977.9627 18.2276 
67 874.3907 18.7137 
68 219.4261 24.7179 
69 1007.9011 18.0966 
70 955.6505 18.3278 
71 256.0046 24.0483 
72 1296.2813 17.0038 
73 1212.8746 17.2926 
