0 0.6509 49.9955 
1 0.6923 49.7282 
2 0.7654 49.2920 
3 0.6956 49.7073 
4 0.5695 50.5756 
5 0.8853 48.6598 
6 1.6201 46.0354 
7 2.4613 44.2191 
8 3.3920 42.8262 
9 4.4601 41.6373 
10 0.6650 49.9024 
11 0.7917 49.1451 
12 0.9546 48.3326 
13 0.9047 48.5655 
14 0.8079 49.0575 
15 0.8404 48.8858 
16 1.6468 45.9644 
17 2.4740 44.1969 
18 3.5572 42.6197 
19 4.5894 41.5132 
20 0.6040 50.3206 
21 0.7412 49.4315 
22 0.8663 48.7542 
23 0.8928 48.6232 
24 0.5823 50.4793 
25 1.5962 46.0999 
26 2.1209 44.8657 
27 2.9487 43.4345 
28 3.9246 42.1929 
29 5.0140 41.1289 
30 0.6933 49.7219 
31 0.8202 48.9916 
32 0.9535 48.3375 
33 0.9786 48.2247 
34 0.7532 49.3614 
35 1.0423 47.9510 
36 1.7708 45.6491 
37 2.6532 43.8931 
38 3.6336 42.5275 
39 4.7378 41.3751 
40 0.7430 49.4208 
41 1.0494 47.9215 
42 1.1309 47.5965 
43 1.1852 47.3929 
44 0.8855 48.6588 
45 1.1113 47.6725 
46 1.9062 45.3290 
47 2.5870 44.0029 
48 3.5065 42.6821 
49 4.5778 41.5242 
50 1.2746 47.0772 
51 1.3653 46.7785 
52 1.2932 47.0143 
53 1.1475 47.5331 
54 0.7690 49.2716 
55 1.2663 47.1056 
56 2.0813 44.9475 
57 2.9474 43.4364 
58 3.9728 42.1398 
59 5.2528 40.9269 
60 0.7712 49.2594 
61 1.0975 47.7268 
62 1.3215 46.9201 
63 1.2339 47.2182 
64 0.9705 48.2608 
65 1.0616 47.8714 
66 2.1937 44.7191 
67 3.1550 43.1409 
68 4.2311 41.8662 
69 5.3251 40.8675 
70 0.8750 48.7110 
71 1.2879 47.0321 
72 1.3943 46.6873 
73 1.4810 46.4254 
74 0.9576 48.3191 
75 1.4344 46.5641 
76 2.2861 44.5398 
77 3.2242 43.0465 
78 4.2537 41.8431 
79 5.2612 40.9199 
80 0.9131 48.5254 
81 1.4587 46.4912 
82 1.6313 46.0054 
83 1.5320 46.2783 
84 1.1008 47.7136 
85 1.7026 45.8196 
86 2.8805 43.5361 
87 3.9318 42.1849 
88 4.9186 41.2124 
89 5.9143 40.4118 
90 0.8681 48.7451 
91 1.5607 46.1975 
92 1.7808 45.6247 
93 1.6281 46.0139 
94 1.2284 47.2373 
95 1.3834 46.7212 
96 2.8499 43.5825 
97 4.0348 42.0726 
98 5.2246 40.9503 
99 5.9679 40.3726 
100 1.0102 48.0866 
101 1.3720 46.7574 
102 1.5876 46.1235 
103 1.5008 46.3677 
104 1.0028 48.1185 
105 1.2979 46.9983 
106 2.1981 44.7104 
107 3.0932 43.2267 
108 4.1821 41.9169 
109 5.1482 41.0142 
110 0.7951 49.1269 
111 1.2027 47.3292 
112 1.3316 46.8872 
113 1.2175 47.2761 
114 0.8591 48.7901 
115 1.0531 47.9061 
116 2.1412 44.8242 
117 3.0367 43.3068 
118 4.1089 41.9935 
119 5.2286 40.9469 
