0 0.3762 52.3764 
1 0.3196 53.0851
2 0.3704 52.4443
3 0.4772 51.3434
4 0.5967 50.3734
5 1.9977 45.1255
6 0.6006 50.3447
7 0.4558 51.5433
8 0.4642 51.4636
9 0.5032 51.1137
10 0.6232 50.1848
11 2.0681 44.9751
12 0.5538 50.6974
13 0.4375 51.7212
14 0.4389 51.7067
15 0.6688 49.8776
16 0.5989 50.3572
17 2.1504 44.8056
18 0.5576 50.6677
19 0.4543 51.5571
20 0.5622 50.6322
21 0.5551 50.6874
22 0.6612 49.9274
23 2.0896 44.9301
24 0.6881 49.7541
25 0.5316 50.8746
26 0.6448 50.0366
27 0.5700 50.5720
28 0.6295 50.1412
29 2.0043 45.1112
30 0.8638 48.7665
31 0.5219 50.9552
32 0.5735 50.5457
33 0.7258 49.5229
34 0.7206 49.5539
35 2.4316 44.2719
36 0.6552 49.9670
37 0.6969 49.6993
38 0.5779 50.5124
39 0.6430 50.0487
40 0.7702 49.2648
41 2.3886 44.3494
42 0.8177 49.0046
43 0.6484 50.0123
44 0.6419 50.0563
45 0.7601 49.3222
46 0.6784 49.8161
47 2.4042 44.3211
48 0.7664 49.2865
49 0.5780 50.5118
50 0.7091 49.6236
51 0.8944 48.6154
52 1.0024 48.1206
53 2.5603 44.0479
54 0.7756 49.2346
55 0.6536 49.9780
56 0.7374 49.4540
57 0.7726 49.2511
58 0.9747 48.2420
59 2.5507 44.0641
60 0.7354 49.4656
61 0.5899 50.4227
62 0.6963 49.7026
63 0.6648 49.9037
64 0.7624 49.3092
65 2.3007 44.5122
66 0.5966 50.3739
67 0.6943 49.7153
68 0.5600 50.6493
69 0.6275 50.1546
70 0.6570 49.9551
71 2.3291 44.4589
72 0.5745 50.5377
73 0.6574 49.9527
