0 349.5825 22.6953 
1 421.3578 21.8843 
2 461.0724 21.4931 
3 506.9830 21.0809 
4 460.0156 21.5031 
5 452.3336 21.5762 
6 501.6326 21.1269 
7 491.0302 21.2197 
8 510.7293 21.0489 
9 454.3396 21.5570 
10 493.3697 21.1991 
11 581.1854 20.4877 
12 558.6295 20.6596 
13 529.1264 20.8952 
14 440.7689 21.6887 
15 434.0160 21.7557 
16 526.4447 20.9173 
17 540.0452 20.8065 
18 597.6321 20.3665 
19 438.3702 21.7124 
20 401.7116 22.0917 
21 501.5107 21.1280 
22 468.9639 21.4194 
23 471.3859 21.3970 
24 327.7965 22.9748 
25 341.6165 22.7954 
26 521.0345 20.9621 
27 506.8924 21.0816 
28 462.7119 21.4777 
29 303.9808 23.3023 
30 298.0302 23.3882 
31 444.9657 21.6475 
32 406.0259 22.0453 
33 427.7112 21.8193 
34 228.9509 24.5334 
35 182.8824 25.5091 
36 291.4066 23.4858 
37 236.0238 24.4012 
38 200.2025 25.1161 
39 90.0361 28.5866 
40 75.8238 29.3327 
41 157.7221 26.1519 
42 167.2730 25.8965 
43 129.6426 27.0033 
44 66.7924 29.8835 
45 74.4693 29.4110 
46 152.4000 26.3010 
47 170.5706 25.8118 
48 196.8899 25.1886 
49 106.1751 27.8706 
50 85.9456 28.7886 
51 167.4469 25.8920 
52 163.7608 25.9887 
53 145.3352 26.5071 
54 69.9074 29.6856 
55 63.9756 30.0707 
56 111.0831 27.6743 
57 117.3530 27.4359 
58 96.1589 28.3009 
59 62.7783 30.1527 
60 43.9775 31.6985 
61 75.6771 29.3412 
62 79.9411 29.1031 
63 90.2801 28.5749 
64 56.6760 30.5968 
65 57.7033 30.5188 
66 102.6636 28.0166 
67 122.5728 27.2469 
68 140.4684 26.6550 
69 88.3419 28.6691 
70 74.2859 29.4217 
71 191.9771 25.2983 
72 252.2096 24.1132 
73 230.4126 24.5057 
74 124.8438 27.1671 
75 141.4569 26.6246 
76 291.0373 23.4913 
77 315.6226 23.1391 
78 349.6069 22.6950 
79 176.6527 25.6596 
80 192.6944 25.2821 
81 642.8167 20.0499 
82 1242.2804 17.1886 
83 1966.4278 15.1940 
84 2680.3038 13.8490 
85 1987.1518 15.1485 
86 2571.9210 14.0282 
87 2354.1494 14.4125 
88 1793.4085 15.5940 
89 1544.8814 16.2419 
90 1507.7961 16.3474 
91 1918.7743 15.3006 
92 1941.5354 15.2494 
93 1625.4857 16.0210 
94 1689.7965 15.8525 
95 1837.6018 15.4883 
96 2212.9959 14.6810 
97 2217.7002 14.6718 
98 1656.9018 15.9378 
99 1697.4052 15.8329 
100 1723.3915 15.7670 
101 2359.9567 14.4018 
102 2172.6362 14.7609 
103 1375.2902 16.7469 
104 1150.2261 17.5230 
105 1130.8904 17.5966 
106 1563.1888 16.1907 
107 1695.2388 15.8385 
108 1309.3558 16.9602 
109 1378.3872 16.7371 
110 1281.1024 17.0550 
111 1589.1834 16.1191 
112 1715.7017 15.7864 
113 1337.9191 16.8665 
114 1371.6359 16.7584 
115 1434.4451 16.5640 
116 2086.2377 14.9372 
117 2107.7755 14.8926 
118 1654.8088 15.9433 
119 1550.5780 16.2259 
