0 123.0831 27.2288 
1 126.5398 27.1085
2 99.4778 28.1535
3 84.1858 28.8784
4 131.9026 26.9283
5 214.3711 24.8191
6 382.2564 22.3073
7 344.5631 22.7581
8 269.0351 23.8327
9 264.5528 23.9057
10 345.0051 22.7525
11 390.5167 22.2144
12 373.1903 22.4115
13 459.1213 21.5115
14 265.7055 23.8868
15 265.1628 23.8957
16 277.9259 23.6915
17 576.2967 20.5243
18 485.4676 21.2692
19 573.0682 20.5487
20 332.8585 22.9082
21 327.5403 22.9782
22 342.9684 22.7783
23 168.8880 25.8548
24 288.1223 23.5350
25 407.4654 22.0299
26 334.5674 22.8860
27 308.3477 23.2404
28 477.8851 21.3376
29 476.5600 21.3496
30 409.1859 22.0116
31 486.9067 21.2563
32 854.4016 18.8142
33 1979.0514 15.1662
34 829.2780 18.9438
35 685.6286 19.7699
36 491.3457 21.2169
37 383.6527 22.2914
38 345.6207 22.7448
39 391.5575 22.2028
40 417.4498 21.9248
41 563.5886 20.6212
42 520.3557 20.9678
43 366.2272 22.4933
44 369.2641 22.4574
45 484.5362 21.2775
46 762.8295 19.3065
47 762.9259 19.3060
48 374.5947 22.3952
49 334.5028 22.8868
50 298.2543 23.3849
51 269.9661 23.8177
52 396.0531 22.1533
53 457.7104 21.5249
54 470.1902 21.4081
55 513.2625 21.0274
56 490.7246 21.2224
57 407.4942 22.0296
58 549.2013 20.7335
59 466.7418 21.4400
60 449.0423 21.6079
61 452.7735 21.5720
62 370.6697 22.4409
63 363.1480 22.5300
64 591.2058 20.4134
65 850.4935 18.8341
66 700.2749 19.6781
67 549.9643 20.7275
68 472.4438 21.3873
69 519.8406 20.9721
70 558.8780 20.6576
71 376.5405 22.3727
72 424.3181 21.8539
73 285.1639 23.5799
