0 0.6379 50.0832 
1 0.7436 49.4173 
2 0.9373 48.4120 
3 0.9050 48.5643 
4 0.6529 49.9826 
5 0.8246 48.9686 
6 1.5955 46.1018 
7 2.6905 43.8325 
8 3.8703 42.2534 
9 5.0974 41.0573 
10 0.7738 49.2443 
11 0.9465 48.3697 
12 1.1801 47.4115 
13 1.0778 47.8054 
14 0.9071 48.5541 
15 0.7528 49.3641 
16 1.5993 46.0916 
17 2.6323 43.9274 
18 3.9253 42.1920 
19 5.2050 40.9666 
20 0.7165 49.5786 
21 0.9502 48.3528 
22 1.1287 47.6051 
23 1.0589 47.8822 
24 0.6059 50.3069 
25 1.4079 46.6451 
26 1.9436 45.2448 
27 2.9780 43.3916 
28 4.1653 41.9344 
29 5.4750 40.7470 
30 0.8110 49.0406 
31 0.9977 48.1408 
32 1.1820 47.4046 
33 1.1821 47.4043 
34 0.8361 48.9082 
35 0.9440 48.3813 
36 1.7304 45.7492 
37 2.8333 43.6079 
38 3.9657 42.1476 
39 5.2874 40.8983 
40 0.8862 48.6557 
41 1.2593 47.1297 
42 1.3651 46.7791 
43 1.3235 46.9137 
44 0.9215 48.4858 
45 0.9980 48.1396 
46 1.8268 45.5139 
47 2.7027 43.8129 
48 3.8809 42.2414 
49 5.1484 41.0141 
50 1.3517 46.8221 
51 1.5486 46.2314 
52 1.4923 46.3922 
53 1.2672 47.1024 
54 0.7894 49.1581 
55 1.1595 47.4881 
56 2.0017 45.1167 
57 3.0838 43.2400 
58 4.4542 41.6431 
59 5.9312 40.3994 
60 0.8796 48.6878 
61 1.2944 47.0101 
62 1.5540 46.2164 
63 1.3719 46.7576 
64 1.0002 48.1301 
65 1.0014 48.1249 
66 2.1360 44.8348 
67 3.3089 42.9339 
68 4.6590 41.4479 
69 5.9461 40.3885 
70 1.0490 47.9230 
71 1.5309 46.2813 
72 1.7095 45.8020 
73 1.6368 45.9908 
74 0.9758 48.2371 
75 1.3428 46.8507 
76 2.2705 44.5695 
77 3.4496 42.7532 
78 4.7130 41.3979 
79 5.9493 40.3861 
80 1.0087 48.0933 
81 1.6792 45.8798 
82 1.9082 45.3245 
83 1.7661 45.6606 
84 1.1762 47.4261 
85 1.6395 45.9837 
86 2.8003 43.6588 
87 4.1093 41.9931 
88 5.3350 40.8594 
89 6.5546 39.9654 
90 1.0118 48.0797 
91 1.7697 45.6519 
92 2.0515 45.0102 
93 1.8001 45.5777 
94 1.2668 47.1036 
95 1.2258 47.2467 
96 2.5907 43.9966 
97 3.9866 42.1248 
98 5.3052 40.8838 
99 6.3171 40.1256 
100 1.2100 47.3029 
101 1.6090 46.0652 
102 1.8489 45.4617 
103 1.6987 45.8297 
104 1.0779 47.8050 
105 1.2210 47.2637 
106 2.1397 44.8272 
107 3.2134 43.0611 
108 4.5653 41.5361 
109 5.8189 40.4824 
110 0.8971 48.6023 
111 1.3775 46.7398 
112 1.5810 46.1414 
113 1.3936 46.6894 
114 0.9360 48.4178 
115 0.9340 48.4275 
116 1.9317 45.2715 
117 2.5634 44.0426 
118 3.5085 42.6796 
119 4.8879 41.2395 
