0 307.4937 23.2524
1 105.5053 27.8981
2 347.8571 22.7168
3 380.1046 22.3318
4 135.4926 26.8116
5 374.3946 22.3975
6 394.4283 22.1711
7 150.7267 26.3489
8 398.4375 22.1272
9 360.6890 22.5595
10 134.5067 26.8434
11 305.5342 23.2802
12 270.3626 23.8113
13 104.0785 27.9572
14 216.7826 24.7706
15 203.1463 25.0527
16 90.7254 28.5535
17 198.3042 25.1575
18 193.2076 25.2706
19 94.5793 28.3728
20 129.2260 27.0173
21 86.8703 28.7421
22 50.5021 31.0977
23 35.4406 32.6358
24 31.6208 33.1311
25 22.0282 34.7010
26 25.2411 34.1097
27 29.9242 33.3706
28 26.0764 33.9683
29 41.2948 31.9719
30 33.2950 32.9070
31 28.5848 33.5695
32 33.5151 32.8784
33 31.0533 33.2097
34 19.1562 35.3077
35 34.1366 32.7986
36 27.9514 33.6668
37 17.7424 35.6407
38 33.9780 32.8188
39 30.7054 33.2587
40 21.7619 34.7538
41 31.8937 33.0938
42 26.7757 33.8534
43 34.5298 32.7489
44 50.2489 31.1195
45 41.9250 31.9061
46 36.3772 32.5225
47 45.8625 31.5162
48 47.9453 31.3233
49 84.2883 28.8731
50 977.4026 18.2301
51 1392.6076 16.6925
52 1288.4682 17.0301
53 487.9823 21.2468
54 1161.3866 17.4810
55 1141.4549 17.5562
56 504.9394 21.0984
57 1435.4642 16.5609
58 1282.7833 17.0493
59 251.6417 24.1230
60 1278.6562 17.0633
61 997.4360 18.1420
62 365.7607 22.4988
63 914.8265 18.5174
64 986.2084 18.1911
65 397.1795 22.1409
66 973.8858 18.2457
67 896.5660 18.6050
68 420.9124 21.8889
69 964.5123 18.2877
70 979.2351 18.2219
71 512.5241 21.0337
72 1293.3430 17.0137
73 1264.8405 17.1104
