0 347.7173 22.7185 
1 395.9232 22.1547 
2 401.0423 22.0989 
3 419.2536 21.9060 
4 397.0979 22.1418 
5 416.1954 21.9378 
6 451.9894 21.5795 
7 442.1386 21.6752 
8 458.5706 21.5167 
9 416.7174 21.9324 
10 429.0742 21.8055 
11 492.7750 21.2043 
12 494.5167 21.1890 
13 511.7832 21.0399 
14 444.7420 21.6497 
15 434.3856 21.7520 
16 503.9809 21.1067 
17 483.1921 21.2896 
18 501.5449 21.1277 
19 383.4636 22.2936 
20 371.6428 22.4295 
21 453.6235 21.5638 
22 426.3142 21.8335 
23 429.0228 21.8060 
24 305.5712 23.2797 
25 301.5610 23.3371 
26 440.2475 21.6938 
27 433.6553 21.7594 
28 440.3073 21.6932 
29 301.2370 23.3417 
30 294.5314 23.4395 
31 434.8914 21.7470 
32 392.7253 22.1899 
33 379.0293 22.3441 
34 211.9176 24.8691 
35 171.0803 25.7988 
36 264.8204 23.9013 
37 217.8015 24.7502 
38 188.3236 25.3818 
39 87.2536 28.7230 
40 64.9691 30.0037 
41 125.4896 27.1447 
42 126.1408 27.1222 
43 118.4886 27.3940 
44 62.4295 30.1769 
45 67.4911 29.8383 
46 135.3700 26.8156 
47 156.1632 26.1950 
48 160.2901 26.0817 
49 92.9998 28.4460 
50 81.7199 29.0075 
51 155.3808 26.2168 
52 153.9161 26.2580 
53 138.5691 26.7141 
54 68.9237 29.7471 
55 55.8773 30.6585 
56 90.3933 28.5694 
57 92.5278 28.4681 
58 92.0749 28.4894 
59 62.4130 30.1781 
60 42.4513 31.8519 
61 72.9780 29.4989 
62 77.1531 29.2573 
63 73.9219 29.4431 
64 49.2330 31.2082 
65 57.4157 30.5405 
66 99.3560 28.1589 
67 115.3964 27.5089 
68 127.2842 27.0831 
69 81.1527 29.0378 
70 73.5811 29.4631 
71 177.8322 25.6307 
72 220.7525 24.6917 
73 229.9937 24.5136 
74 121.0108 27.3026 
75 124.2018 27.1895 
76 241.1717 24.3075 
77 245.2823 24.2341 
78 244.1764 24.2538 
79 131.3935 26.9451 
80 197.7010 25.1707 
81 595.7862 20.3799 
82 1065.4464 17.8555 
83 1630.2029 16.0084 
84 2330.1579 14.4570 
85 1733.6556 15.7412 
86 2090.8265 14.9276 
87 1911.0377 15.3181 
88 1530.7016 16.2819 
89 1518.7972 16.3158 
90 1509.0751 16.3437 
91 1870.8941 15.4103 
92 1811.2428 15.5510 
93 1494.1904 16.3867 
94 1506.4008 16.3514 
95 1695.4815 15.8379 
96 1995.0049 15.1314 
97 1999.2664 15.1221 
98 1520.4607 16.3111 
99 1576.4698 16.1539 
100 1517.6227 16.3192 
101 1969.6504 15.1869 
102 1758.3216 15.6798 
103 1136.8262 17.5739 
104 1108.9566 17.6817 
105 1121.4373 17.6331 
106 1473.3752 16.4477 
107 1535.0933 16.2695 
108 1157.2331 17.4966 
109 1211.9698 17.2959 
110 1197.2415 17.3490 
111 1463.7210 16.4762 
112 1580.9755 16.1416 
113 1262.0465 17.1201 
114 1291.1037 17.0212 
115 1262.8801 17.1172 
116 1762.9189 15.6685 
117 1815.2493 15.5414 
118 1485.8500 16.4111 
119 1539.9609 16.2557 
0 347.7173 22.7185 
1 395.9232 22.1547 
2 401.0423 22.0989 
3 419.2536 21.9060 
4 397.0979 22.1418 
5 416.1954 21.9378 
6 451.9894 21.5795 
7 442.1386 21.6752 
8 458.5706 21.5167 
9 416.7174 21.9324 
10 429.0742 21.8055 
11 492.7750 21.2043 
12 494.5167 21.1890 
13 511.7832 21.0399 
14 444.7420 21.6497 
15 434.3856 21.7520 
16 503.9809 21.1067 
17 483.1921 21.2896 
18 501.5449 21.1277 
19 383.4636 22.2936 
20 371.6428 22.4295 
21 453.6235 21.5638 
22 426.3142 21.8335 
23 429.0228 21.8060 
24 305.5712 23.2797 
25 301.5610 23.3371 
26 440.2475 21.6938 
27 433.6553 21.7594 
28 440.3073 21.6932 
29 301.2370 23.3417 
30 294.5314 23.4395 
31 434.8914 21.7470 
32 392.7253 22.1899 
33 379.0293 22.3441 
34 211.9176 24.8691 
35 171.0803 25.7988 
36 264.8204 23.9013 
37 217.8015 24.7502 
38 188.3236 25.3818 
39 87.2536 28.7230 
40 64.9691 30.0037 
41 125.4896 27.1447 
42 126.1408 27.1222 
43 118.4886 27.3940 
44 62.4295 30.1769 
45 67.4911 29.8383 
46 135.3700 26.8156 
47 156.1632 26.1950 
48 160.2901 26.0817 
49 92.9998 28.4460 
50 81.7199 29.0075 
51 155.3808 26.2168 
52 153.9161 26.2580 
53 138.5691 26.7141 
54 68.9237 29.7471 
55 55.8773 30.6585 
56 90.3933 28.5694 
57 92.5278 28.4681 
58 92.0749 28.4894 
59 62.4130 30.1781 
60 42.4513 31.8519 
61 72.9780 29.4989 
62 77.1531 29.2573 
63 73.9219 29.4431 
64 49.2330 31.2082 
65 57.4157 30.5405 
66 99.3560 28.1589 
67 115.3964 27.5089 
68 127.2842 27.0831 
69 81.1527 29.0378 
70 73.5811 29.4631 
71 177.8322 25.6307 
72 220.7525 24.6917 
73 229.9937 24.5136 
74 121.0108 27.3026 
75 124.2018 27.1895 
76 241.1717 24.3075 
77 245.2823 24.2341 
78 244.1764 24.2538 
79 131.3935 26.9451 
80 197.7010 25.1707 
81 595.7862 20.3799 
82 1065.4464 17.8555 
83 1630.2029 16.0084 
84 2330.1579 14.4570 
85 1733.6556 15.7412 
86 2090.8265 14.9276 
87 1911.0377 15.3181 
88 1530.7016 16.2819 
89 1518.7972 16.3158 
90 1509.0751 16.3437 
91 1870.8941 15.4103 
92 1811.2428 15.5510 
93 1494.1904 16.3867 
94 1506.4008 16.3514 
95 1695.4815 15.8379 
96 1995.0049 15.1314 
97 1999.2664 15.1221 
98 1520.4607 16.3111 
99 1576.4698 16.1539 
100 1517.6227 16.3192 
101 1969.6504 15.1869 
102 1758.3216 15.6798 
103 1136.8262 17.5739 
104 1108.9566 17.6817 
105 1121.4373 17.6331 
106 1473.3752 16.4477 
107 1535.0933 16.2695 
108 1157.2331 17.4966 
109 1211.9698 17.2959 
110 1197.2415 17.3490 
111 1463.7210 16.4762 
112 1580.9755 16.1416 
113 1262.0465 17.1201 
114 1291.1037 17.0212 
115 1262.8801 17.1172 
116 1762.9189 15.6685 
117 1815.2493 15.5414 
118 1485.8500 16.4111 
119 1539.9609 16.2557 
