0 110.9375 27.6800 
1 302.7012 23.3207 
2 556.6280 20.6752 
3 220.5264 24.6962 
4 124.2954 27.1863 
5 156.3384 26.1901 
6 441.4275 21.6822 
7 917.2693 18.5058 
8 728.5718 19.5061 
9 438.7774 21.7084 
10 578.6014 20.5070 
11 894.5704 18.6147 
12 1030.5390 18.0002 
13 810.0973 19.0454 
14 435.5767 21.7402 
15 357.7187 22.5954 
16 648.2488 20.0134 
17 1384.4888 16.7179 
18 1053.3490 17.9051 
19 671.9869 19.8572 
20 593.0264 20.4001 
21 1032.9148 17.9902 
22 1083.0384 17.7844 
23 731.6094 19.4880 
24 509.6681 21.0579 
25 618.8548 20.2149 
26 832.8615 18.9251 
27 1291.4217 17.0201 
28 1047.6427 17.9287 
29 879.6086 18.6879 
30 693.1946 19.7223 
31 1187.0943 17.3860 
32 1018.7211 18.0503 
33 861.6851 18.7773 
34 418.6848 21.9119 
35 470.0709 21.4092 
36 491.6616 21.2141 
37 768.7166 19.2731 
38 596.8319 20.3723 
39 308.0327 23.2448 
40 393.6333 22.1799 
41 737.1021 19.4555 
42 1024.9827 18.0236 
43 791.9088 19.1441 
44 513.1899 21.0280 
45 403.6782 22.0705 
46 625.1319 20.1711 
47 921.3232 18.4867 
48 522.1486 20.9529 
49 659.5093 19.9386 
50 706.2503 19.6412 
51 879.0464 18.6907 
52 3190.2680 13.0925 
53 2958.2547 13.4204 
54 2685.1277 13.8412 
55 3558.4218 12.6182 
56 3403.8203 12.8111 
57 2432.7373 14.2699 
58 1831.1915 15.5035 
59 980.2372 18.2175 
60 906.7526 18.5559 
61 1561.0273 16.1967 
62 1400.4456 16.6681 
63 1040.7480 17.9573 
64 625.7343 20.1669 
65 594.4711 20.3895 
66 905.3548 18.5626 
67 1648.1546 15.9608 
68 1457.2424 16.4955 
69 999.1739 18.1344 
70 901.2565 18.5823 
71 1377.3901 16.7402 
72 1404.3465 16.6561 
73 1130.1590 17.5994 
74 675.9503 19.8317 
75 846.9912 18.8520 
76 1620.4603 16.0344 
77 3358.1761 12.8698 
78 2880.0442 13.5368 
79 1138.0658 17.5691 
80 839.9968 18.8880 
81 1155.2503 17.5040 
82 1150.1996 17.5231 
83 953.7931 18.3363 
84 622.2270 20.1913 
85 461.1954 21.4920 
86 765.8864 19.2892 
87 1191.0553 17.3715 
88 997.1755 18.1431 
89 741.1098 19.4320 
90 730.6420 19.4938 
91 974.1937 18.2444 
92 1260.3716 17.1258 
93 1115.2754 17.6570 
94 735.4661 19.4652 
95 534.3013 20.8529 
96 1058.4276 17.8842 
97 1325.5267 16.9069 
98 1122.0468 17.6307 
99 565.8577 20.6037 
100 594.8553 20.3867 
101 947.4784 18.3651 
102 1101.3048 17.7117 
103 859.7232 18.7872 
104 546.2495 20.7569 
105 519.7357 20.9730 
106 933.2293 18.4309 
107 2837.6986 13.6011 
108 2374.6260 14.3749 
109 1267.6842 17.1007 
110 1131.1124 17.5957 
111 1648.5191 15.9599 
112 1361.0540 16.7920 
113 1115.6375 17.6556 
114 816.9725 19.0087 
115 878.8952 18.6914 
116 1199.3882 17.3412 
117 1624.7915 16.0228 
118 1015.8613 18.0625 
119 512.8126 21.0312 
0 110.9375 27.6800 
1 302.7012 23.3207 
2 556.6280 20.6752 
3 220.5264 24.6962 
4 124.2954 27.1863 
5 156.3384 26.1901 
6 441.4275 21.6822 
7 917.2693 18.5058 
8 728.5718 19.5061 
9 438.7774 21.7084 
10 578.6014 20.5070 
11 894.5704 18.6147 
12 1030.5390 18.0002 
13 810.0973 19.0454 
14 435.5767 21.7402 
15 357.7187 22.5954 
16 648.2488 20.0134 
17 1384.4888 16.7179 
18 1053.3490 17.9051 
19 671.9869 19.8572 
20 593.0264 20.4001 
21 1032.9148 17.9902 
22 1083.0384 17.7844 
23 731.6094 19.4880 
24 509.6681 21.0579 
25 618.8548 20.2149 
26 832.8615 18.9251 
27 1291.4217 17.0201 
28 1047.6427 17.9287 
29 879.6086 18.6879 
30 693.1946 19.7223 
31 1187.0943 17.3860 
32 1018.7211 18.0503 
33 861.6851 18.7773 
34 418.6848 21.9119 
35 470.0709 21.4092 
36 491.6616 21.2141 
37 768.7166 19.2731 
38 596.8319 20.3723 
39 308.0327 23.2448 
40 393.6333 22.1799 
41 737.1021 19.4555 
42 1024.9827 18.0236 
43 791.9088 19.1441 
44 513.1899 21.0280 
45 403.6782 22.0705 
46 625.1319 20.1711 
47 921.3232 18.4867 
48 522.1486 20.9529 
49 659.5093 19.9386 
50 706.2503 19.6412 
51 879.0464 18.6907 
52 3190.2680 13.0925 
53 2958.2547 13.4204 
54 2685.1277 13.8412 
55 3558.4218 12.6182 
56 3403.8203 12.8111 
57 2432.7373 14.2699 
58 1831.1915 15.5035 
59 980.2372 18.2175 
60 906.7526 18.5559 
61 1561.0273 16.1967 
62 1400.4456 16.6681 
63 1040.7480 17.9573 
64 625.7343 20.1669 
65 594.4711 20.3895 
66 905.3548 18.5626 
67 1648.1546 15.9608 
68 1457.2424 16.4955 
69 999.1739 18.1344 
70 901.2565 18.5823 
71 1377.3901 16.7402 
72 1404.3465 16.6561 
73 1130.1590 17.5994 
74 675.9503 19.8317 
75 846.9912 18.8520 
76 1620.4603 16.0344 
77 3358.1761 12.8698 
78 2880.0442 13.5368 
79 1138.0658 17.5691 
80 839.9968 18.8880 
81 1155.2503 17.5040 
82 1150.1996 17.5231 
83 953.7931 18.3363 
84 622.2270 20.1913 
85 461.1954 21.4920 
86 765.8864 19.2892 
87 1191.0553 17.3715 
88 997.1755 18.1431 
89 741.1098 19.4320 
90 730.6420 19.4938 
91 974.1937 18.2444 
92 1260.3716 17.1258 
93 1115.2754 17.6570 
94 735.4661 19.4652 
95 534.3013 20.8529 
96 1058.4276 17.8842 
97 1325.5267 16.9069 
98 1122.0468 17.6307 
99 565.8577 20.6037 
100 594.8553 20.3867 
101 947.4784 18.3651 
102 1101.3048 17.7117 
103 859.7232 18.7872 
104 546.2495 20.7569 
105 519.7357 20.9730 
106 933.2293 18.4309 
107 2837.6986 13.6011 
108 2374.6260 14.3749 
109 1267.6842 17.1007 
110 1131.1124 17.5957 
111 1648.5191 15.9599 
112 1361.0540 16.7920 
113 1115.6375 17.6556 
114 816.9725 19.0087 
115 878.8952 18.6914 
116 1199.3882 17.3412 
117 1624.7915 16.0228 
118 1015.8613 18.0625 
119 512.8126 21.0312 
