0 273.9977 23.7533 
1 102.8112 28.0104 
2 305.1980 23.2850 
3 334.2773 22.8897 
4 118.1909 27.4050 
5 330.0031 22.9456 
6 349.9772 22.6904 
7 133.3434 26.8811 
8 354.6503 22.6328 
9 324.2519 23.0220 
10 114.1933 27.5544 
11 276.8341 23.7086 
12 248.2098 24.1826 
13 84.3852 28.8681 
14 204.6338 25.0210 
15 194.4318 25.2431 
16 82.8616 28.9473 
17 187.4276 25.4025 
18 184.8096 25.4636 
19 76.1931 29.3116 
20 128.5830 27.0390 
21 89.0622 28.6339 
22 39.0113 32.2189 
23 36.3510 32.5256 
24 31.4930 33.1487 
25 18.1793 35.5350 
26 26.8924 33.8345 
27 31.3979 33.1618 
28 23.1175 34.4914 
29 1617.2210 16.0431 
30 6331.6571 10.1156 
31 8321.7336 8.9287 
32 14238.5002 6.5962 
33 14221.7149 6.6013 
34 14224.1904 6.6005 
35 14229.3236 6.5990 
36 14247.3822 6.5935 
37 14244.9400 6.5942 
38 14263.6399 6.5885 
39 14250.1427 6.5926 
40 14251.5638 6.5922 
41 14252.0976 6.5920 
42 14246.5353 6.5937 
43 14234.4313 6.5974 
44 14262.6527 6.5888 
45 14261.7673 6.5891 
46 14264.8233 6.5881 
47 14258.2673 6.5901 
48 14277.2410 6.5844 
49 14266.0622 6.5878 
50 14279.1870 6.5838 
51 14283.9451 6.5823 
52 14282.6915 6.5827 
53 14284.7126 6.5821 
54 14280.2481 6.5834 
55 14269.7747 6.5866 
56 14280.9337 6.5832 
57 14258.6723 6.5900 
58 14258.6796 6.5900 
59 14261.4823 6.5892 
60 14274.9432 6.5851 
61 14245.7884 6.5939 
62 14255.7196 6.5909 
63 14242.8662 6.5948 
64 14243.9414 6.5945 
65 14229.7399 6.5988 
66 14261.6820 6.5891 
67 14243.3770 6.5947 
68 14268.6543 6.5870 
69 14250.0893 6.5926 
70 14263.9522 6.5884 
71 14263.7709 6.5885 
72 19525.1428 5.2249 
73 19136.0916 5.3123 
74 18333.9507 5.4982 
75 19083.4855 5.3242 
76 19153.4292 5.3083 
77 19136.9423 5.3121 
78 18234.0949 5.5220 
79 18943.7431 5.3561 
80 18760.7890 5.3983 
81 17885.5574 5.6058 
82 18671.1373 5.4191 
83 18659.9299 5.4217 
84 18547.8738 5.4479 
85 18092.8563 5.5557 
86 19286.2559 5.2783 
87 19548.0650 5.2198 
88 18839.7686 5.3800 
89 18828.4107 5.3827 
90 19511.2742 5.2279 
91 19167.7387 5.3051 
92 18069.3022 5.5614 
93 18851.1694 5.3774 
94 18614.1385 5.4324 
95 18600.6178 5.4355 
96 17765.6733 5.6350 
97 18726.9365 5.4061 
98 18710.9848 5.4098 
99 17779.1190 5.6317 
100 18509.5489 5.4568 
101 18494.4026 5.4604 
102 18068.1727 5.5617 
103 16850.7851 5.8646 
104 17495.0813 5.7016 
105 17344.5974 5.7392 
106 16415.7225 5.9782 
107 16400.0525 5.9824 
108 17389.4278 5.7280 
109 17536.7460 5.6913 
110 17420.1744 5.7203 
111 18771.3330 5.3959 
112 19245.5158 5.2875 
113 19231.8276 5.2906 
114 18766.6332 5.3969 
115 19540.6748 5.2214 
116 19422.3274 5.2478 
117 19003.4481 5.3425 
118 20039.3147 5.1120 
0 273.9977 23.7533 
1 102.8112 28.0104 
2 305.1980 23.2850 
3 334.2773 22.8897 
4 118.1909 27.4050 
5 330.0031 22.9456 
6 349.9772 22.6904 
7 133.3434 26.8811 
8 354.6503 22.6328 
9 324.2519 23.0220 
10 114.1933 27.5544 
11 276.8341 23.7086 
12 248.2098 24.1826 
13 84.3852 28.8681 
14 204.6338 25.0210 
15 194.4318 25.2431 
16 82.8616 28.9473 
17 187.4276 25.4025 
18 184.8096 25.4636 
19 76.1931 29.3116 
20 128.5830 27.0390 
21 89.0622 28.6339 
22 39.0113 32.2189 
23 36.3510 32.5256 
24 31.4930 33.1487 
25 18.1793 35.5350 
26 26.8924 33.8345 
27 31.3979 33.1618 
28 23.1175 34.4914 
29 42.1762 31.8801 
30 34.5566 32.7455 
31 24.4818 34.2424 
32 34.8337 32.7108 
33 30.4001 33.3021 
34 16.2277 36.0282 
35 32.1499 33.0590 
36 26.0243 33.9770 
37 15.6499 36.1857 
38 31.5031 33.1473 
39 28.9904 33.5083 
40 17.0479 35.8141 
41 33.8076 32.8407 
42 30.6061 33.2727 
43 31.2252 33.1857 
44 53.8674 30.8175 
45 46.5461 31.4520 
46 28.0152 33.6569 
47 49.2345 31.2081 
48 49.7478 31.1631 
49 47.4301 31.3703 
50 803.3746 19.0816 
51 1245.6286 17.1769 
52 1153.8407 17.5093 
53 433.3047 21.7629 
54 1071.4645 17.8310 
55 1026.9702 18.0152 
56 429.6545 21.7996 
57 1304.1187 16.9776 
58 1198.5363 17.3443 
59 451.2791 21.5864 
60 1140.9978 17.5580 
61 945.5126 18.3741 
62 314.5195 23.1543 
63 839.1074 18.8926 
64 911.4451 18.5335 
65 350.7321 22.6810 
66 871.1588 18.7298 
67 824.3434 18.9697 
68 367.6287 22.4767 
69 888.7611 18.6430 
70 904.1543 18.5684 
71 442.3309 21.6733 
72 1197.1375 17.3494 
73 1106.0357 17.6931 
0 273.9977 23.7533 
1 102.8112 28.0104 
2 305.1980 23.2850 
3 334.2773 22.8897 
4 118.1909 27.4050 
5 330.0031 22.9456 
6 349.9772 22.6904 
7 133.3434 26.8811 
8 354.6503 22.6328 
9 324.2519 23.0220 
10 114.1933 27.5544 
11 276.8341 23.7086 
12 248.2098 24.1826 
13 84.3852 28.8681 
14 204.6338 25.0210 
15 194.4318 25.2431 
16 82.8616 28.9473 
17 187.4276 25.4025 
18 184.8096 25.4636 
19 76.1931 29.3116 
20 128.5830 27.0390 
21 89.0622 28.6339 
22 39.0113 32.2189 
23 36.3510 32.5256 
24 31.4930 33.1487 
25 18.1793 35.5350 
26 26.8924 33.8345 
27 31.3979 33.1618 
28 23.1175 34.4914 
29 42.1762 31.8801 
30 34.5566 32.7455 
31 24.4818 34.2424 
32 34.8337 32.7108 
33 30.4001 33.3021 
34 16.2277 36.0282 
35 32.1499 33.0590 
36 26.0243 33.9770 
37 15.6499 36.1857 
38 31.5031 33.1473 
39 28.9904 33.5083 
40 17.0479 35.8141 
41 33.8076 32.8407 
42 30.6061 33.2727 
43 31.2252 33.1857 
44 53.8674 30.8175 
45 46.5461 31.4520 
46 28.0152 33.6569 
47 49.2345 31.2081 
48 49.7478 31.1631 
49 47.4301 31.3703 
50 803.3746 19.0816 
51 1245.6286 17.1769 
52 1153.8407 17.5093 
53 433.3047 21.7629 
54 1071.4645 17.8310 
55 1026.9702 18.0152 
56 429.6545 21.7996 
57 1304.1187 16.9776 
58 1198.5363 17.3443 
59 451.2791 21.5864 
60 1140.9978 17.5580 
61 945.5126 18.3741 
62 314.5195 23.1543 
63 839.1074 18.8926 
64 911.4451 18.5335 
65 350.7321 22.6810 
66 871.1588 18.7298 
67 824.3434 18.9697 
68 367.6287 22.4767 
69 888.7611 18.6430 
70 904.1543 18.5684 
71 442.3309 21.6733 
72 1197.1375 17.3494 
73 1106.0357 17.6931 
