0 0.7880 49.1653 
1 1.0619 47.8701 
2 1.7377 45.7310 
3 1.2063 47.3164 
4 0.6824 49.7905 
5 0.8363 48.9072 
6 1.5887 46.1204 
7 8.0426 39.0768 
8 7.1972 39.5592 
9 6.4215 40.0544 
10 0.7898 49.1556 
11 1.1077 47.6865 
12 2.5746 44.0238 
13 1.5436 46.2454 
14 1.0999 47.7172 
15 0.7581 49.3335 
16 1.6698 45.9042 
17 8.4818 38.8459 
18 7.4732 39.3957 
19 6.6379 39.9105 
20 0.6610 49.9290 
21 1.1706 47.4466 
22 2.4265 44.2810 
23 1.5306 46.2821 
24 0.6491 50.0078 
25 1.5501 46.2273 
26 1.9751 45.1749 
27 8.9563 38.6095 
28 7.8195 39.1990 
29 6.9088 39.7368 
30 0.7635 49.3029 
31 1.1164 47.6525 
32 2.7923 43.6712 
33 1.9487 45.2333 
34 0.9857 48.1935 
35 0.9998 48.1317 
36 1.8585 45.4392 
37 9.0253 38.5762 
38 7.5244 39.3661 
39 6.6939 39.8740 
40 0.8043 49.0769 
41 1.5414 46.2516 
42 3.1670 43.1243 
43 2.1110 44.8860 
44 1.1049 47.6975 
45 0.9830 48.2053 
46 1.9175 45.3034 
47 8.2589 38.9616 
48 7.2175 39.5469 
49 6.4812 40.0142 
50 1.4745 46.4444 
51 2.1821 44.7420 
52 3.0000 43.3597 
53 1.8966 45.3511 
54 0.8311 48.9341 
55 1.3808 46.7294 
56 2.4274 44.2794 
57 10.1716 38.0569 
58 8.8640 38.6545 
59 7.6748 39.2801 
60 0.7960 49.1217 
61 1.6212 46.0326 
62 3.6195 42.5444 
63 2.0530 45.0069 
64 1.1950 47.3572 
65 1.0514 47.9130 
66 2.3938 44.3400 
67 10.0723 38.0995 
68 8.6790 38.7461 
69 7.5944 39.3259 
70 0.9789 48.2235 
71 2.1359 44.8349 
72 3.8972 42.2232 
73 2.3178 44.4800 
74 1.0400 47.9603 
75 1.4530 46.5083 
76 2.7597 43.7223 
77 10.5112 37.9143 
78 9.0171 38.5801 
79 7.5951 39.3254 
80 0.9820 48.2098 
81 2.1634 44.7794 
82 4.1059 41.9967 
83 2.7445 43.7462 
84 1.3399 46.8602 
85 1.8879 45.3709 
86 3.4509 42.7515 
87 12.2241 37.2586 
88 9.7595 38.2365 
89 8.3799 38.8984 
90 0.9271 48.4597 
91 2.2616 44.5867 
92 4.6776 41.4306 
93 2.8458 43.5888 
94 1.5411 46.2524 
95 1.2704 47.0914 
96 2.9406 43.4465 
97 11.6550 37.4657 
98 9.8987 38.1750 
99 8.0173 39.0905 
100 1.2937 47.0124 
101 2.2208 44.6657 
102 4.0103 42.0990 
103 2.6260 43.9379 
104 1.2224 47.2588 
105 1.3427 46.8510 
106 2.4137 44.3039 
107 9.8603 38.1919 
108 8.5649 38.8036 
109 7.3721 39.4549 
110 0.8588 48.7920 
111 1.5955 46.1019 
112 3.6082 42.5579 
113 1.9912 45.1397 
114 1.1130 47.6659 
115 0.9843 48.1994 
116 2.3582 44.4051 
117 10.2405 38.0276 
118 8.7121 38.7296 
119 7.5682 39.3409 
