0 286.6567 23.5572 
1 319.6438 23.0841
2 124.2954 27.1863
3 232.5819 24.4650
4 334.8463 22.8823
5 438.7774 21.7084
6 633.0804 20.1162
7 581.2647 20.4871
8 435.5767 21.7402
9 495.4709 21.1806
10 604.4284 20.3174
11 671.9869 19.8572
12 669.5279 19.8731
13 636.6186 20.0920
14 509.6681 21.0579
15 327.6669 22.9765
16 760.8563 19.3178
17 879.6086 18.6879
18 871.3914 18.7287
19 774.7418 19.2392
20 418.6848 21.9119
21 430.4778 21.7913
22 433.2601 21.7633
23 308.0327 23.2448
24 550.9913 20.7194
25 655.4138 19.9656
26 513.1899 21.0280
27 525.7480 20.9230
28 731.2233 19.4903
29 659.5093 19.9386
30 551.7801 20.7131
31 697.1536 19.6975
32 2685.1277 13.8412
33 2105.0527 14.8982
34 1368.8955 16.7671
35 980.2372 18.2175
36 855.9937 18.8061
37 691.8817 19.7305
38 625.7343 20.1669
39 640.9835 20.0623
40 658.8268 19.9431
41 999.1739 18.1344
42 827.8685 18.9512
43 591.5632 20.4108
44 675.9503 19.8317
45 932.0843 18.4363
46 1568.4393 16.1761
47 1138.0658 17.5691
48 484.7098 21.2760
49 496.3964 21.1725
50 622.2270 20.1913
51 461.3856 21.4902
52 703.3615 19.6590
53 741.1098 19.4320
54 696.8821 19.6992
55 764.7683 19.2955
56 735.4661 19.4652
57 809.6884 19.0476
58 769.8071 19.2670
59 565.8577 20.6037
60 776.7585 19.2279
61 634.3843 20.1073
62 546.2495 20.7569
63 672.9029 19.8513
64 1100.0528 17.7167
65 1267.6842 17.1007
66 1092.7409 17.7456
67 844.5992 18.8643
68 816.9725 19.0087
69 760.7347 19.3185
70 995.6639 18.1497
71 512.8126 21.0312
72 747.6949 19.3936
73 391.3998 22.2046
0 286.6567 23.5572 
1 319.6438 23.0841 
2 124.2954 27.1863 
3 232.5819 24.4650 
4 334.8463 22.8823 
5 438.7774 21.7084 
6 633.0804 20.1162 
7 581.2647 20.4871 
8 435.5767 21.7402 
9 495.4709 21.1806 
10 604.4284 20.3174 
11 671.9869 19.8572 
12 669.5279 19.8731 
13 636.6186 20.0920 
14 509.6681 21.0579 
15 327.6669 22.9765 
16 760.8563 19.3178 
17 879.6086 18.6879 
18 871.3914 18.7287 
19 774.7418 19.2392 
20 418.6848 21.9119 
21 430.4778 21.7913 
22 433.2601 21.7633 
23 308.0327 23.2448 
24 550.9913 20.7194 
25 655.4138 19.9656 
26 513.1899 21.0280 
27 525.7480 20.9230 
28 731.2233 19.4903 
29 659.5093 19.9386 
30 551.7801 20.7131 
31 697.1536 19.6975 
32 2685.1277 13.8412 
33 2105.0527 14.8982 
34 1368.8955 16.7671 
35 980.2372 18.2175 
36 855.9937 18.8061 
37 691.8817 19.7305 
38 625.7343 20.1669 
39 640.9835 20.0623 
40 658.8268 19.9431 
41 999.1739 18.1344 
42 827.8685 18.9512 
43 591.5632 20.4108 
44 675.9503 19.8317 
45 932.0843 18.4363 
46 1568.4393 16.1761 
47 1138.0658 17.5691 
48 484.7098 21.2760 
49 496.3964 21.1725 
50 622.2270 20.1913 
51 461.3856 21.4902 
52 703.3615 19.6590 
53 741.1098 19.4320 
54 696.8821 19.6992 
55 764.7683 19.2955 
56 735.4661 19.4652 
57 809.6884 19.0476 
58 769.8071 19.2670 
59 565.8577 20.6037 
60 776.7585 19.2279 
61 634.3843 20.1073 
62 546.2495 20.7569 
63 672.9029 19.8513 
64 1100.0528 17.7167 
65 1267.6842 17.1007 
66 1092.7409 17.7456 
67 844.5992 18.8643 
68 816.9725 19.0087 
69 760.7347 19.3185 
70 995.6639 18.1497 
71 512.8126 21.0312 
72 747.6949 19.3936 
73 391.3998 22.2046 
