0 307.4960 23.2524 
1 105.5038 27.8981
2 347.8497 22.7169
3 379.9229 22.3338
4 135.0724 26.8251
5 366.7624 22.4870
6 392.9819 22.1871
7 74.4530 29.4120
8 392.4978 22.1924
9 359.8455 22.5696
10 134.3089 26.8498
11 304.9325 23.2888
12 270.9980 23.8011
13 154.2251 26.2493
14 231.6554 24.4824
15 200.6048 25.1074
16 99.1365 28.1685
17 198.1250 25.1614
18 193.0260 25.2746
19 94.6791 28.3683
20 138.8024 26.7068
21 85.0373 28.8347
22 46.8763 31.4213
23 35.4092 32.6396
24 31.5958 33.1345
25 21.9136 34.7237
26 25.1930 34.1180
27 31.6217 33.1310
28 21.2125 34.8649
29 40.5286 32.0532
30 31.9235 33.0897
31 29.4333 33.4424
32 33.4781 32.8832
33 30.7581 33.2512
34 24.4883 34.2412
35 38.2358 32.3061
36 27.3011 33.7690
37 17.6321 35.6678
38 33.9442 32.8231
39 30.6129 33.2718
40 20.0620 35.1071
41 31.7567 33.1124
42 31.1724 33.1931
43 36.8749 32.4635
44 45.0092 31.5978
45 39.5263 32.1619
46 37.1832 32.4273
47 44.4879 31.6484
48 50.8566 31.0673
49 116.1858 27.4793
50 1006.8094 18.1013
51 1390.5050 16.6991
52 1287.9250 17.0319
53 483.7227 21.2848
54 1144.0068 17.5465
55 1154.8817 17.5054
56 768.2845 19.2756
57 1427.9142 16.5838
58 1289.8124 17.0255
59 499.9881 21.1412
60 1235.9729 17.2107
61 1013.9009 18.0708
62 204.9751 25.0138
63 946.9210 18.3677
64 975.3311 18.2393
65 396.0477 22.1533
66 972.9602 18.2499
67 895.9297 18.6081
68 383.4236 22.2940
69 954.3721 18.3336
70 991.1246 18.1695
71 528.3964 20.9012
72 1290.0582 17.0247
73 1264.0172 17.1133
