0 397.5571 22.1368 
1 496.9226 21.1679 
2 548.6141 20.7381 
3 548.1742 20.7416 
4 460.8085 21.4956 
5 479.6936 21.3212 
6 574.0621 20.5412 
7 597.6350 20.3664 
8 597.7498 20.3656 
9 484.1771 21.2808 
10 497.2177 21.1653 
11 632.1944 20.1223 
12 670.1505 19.8691 
13 669.4653 19.8735 
14 517.9143 20.9882 
15 500.2328 21.1391 
16 657.8985 19.9492 
17 648.5939 20.0111 
18 654.7031 19.9704 
19 442.0520 21.6761 
20 431.8939 21.7770 
21 611.9985 20.2633 
22 564.9242 20.6109 
23 565.0017 20.6103 
24 350.4100 22.6850 
25 344.3421 22.7609 
26 574.6015 20.5371 
27 583.7001 20.4689 
28 583.2029 20.4726 
29 348.1047 22.7137 
30 336.1279 22.8658 
31 587.0463 20.4441 
32 478.9478 21.3279 
33 479.1453 21.3261 
34 232.7769 24.4614 
35 205.0895 25.0114 
36 405.2522 22.0535 
37 235.0291 24.4196 
38 234.7204 24.4253 
39 96.5054 28.2853 
40 79.6217 29.1205 
41 197.8575 25.1673 
42 175.9847 25.6761 
43 175.7266 25.6824 
44 73.9803 29.4396 
45 73.5714 29.4637 
46 182.0865 25.5280 
47 249.4726 24.1606 
48 249.0809 24.1674 
49 114.0207 27.5610 
50 97.3934 28.2455 
51 236.9022 24.3851 
52 187.6786 25.3967 
53 187.1686 25.4085 
54 75.4787 29.3526 
55 67.6419 29.8286 
56 142.0981 26.6049 
57 150.7353 26.3487 
58 149.7537 26.3770 
59 80.6398 29.0653 
60 52.1753 30.9562 
61 121.0635 27.3007 
62 118.3925 27.3976 
63 118.1877 27.4051 
64 60.2724 30.3296 
65 62.7320 30.1559 
66 126.7512 27.1013 
67 214.3500 24.8196 
68 213.0700 24.8456 
69 103.3481 27.9878 
70 75.0352 29.3782 
71 223.7003 24.6341 
72 350.0634 22.6893 
73 349.5915 22.6952 
74 140.7944 26.6449 
75 141.1331 26.6345 
76 335.7759 22.8703 
77 354.4328 22.6355 
78 354.1630 22.6388 
79 157.3929 26.1610 
80 134.7297 26.8362 
81 368.2561 22.4693 
82 3194.1882 13.0872 
83 3196.5798 13.0839 
84 3197.4511 13.0828 
85 2026.6552 15.0630 
86 2976.1815 13.3942 
87 2376.2440 14.3719 
88 1734.0041 15.7403 
89 1733.8928 15.7406 
90 1763.6576 15.6667 
91 2600.3470 13.9805 
92 2365.6308 14.3913 
93 1716.0044 15.7856 
94 1715.8774 15.7859 
95 1967.5090 15.1916 
96 2634.9093 13.9231 
97 2486.1820 14.1755 
98 1800.7281 15.5763 
99 1800.0471 15.5780 
100 1742.2542 15.7197 
101 2573.6793 14.0253 
102 2140.6135 14.8254 
103 1259.4207 17.1291 
104 1258.3656 17.1327 
105 1278.4323 17.0640 
106 1865.2012 15.4235 
107 2033.0848 15.0492 
108 1400.9491 16.6666 
109 1400.6478 16.6675 
110 1386.4563 16.7117 
111 1947.7632 15.2354 
112 2094.5176 14.9200 
113 1463.6358 16.4765 
114 1463.2457 16.4776 
115 1476.5923 16.4382 
116 2395.2824 14.3372 
117 2416.1998 14.2995 
118 1769.5095 15.6523 
119 1768.8485 15.6539 
0 397.5571 22.1368 
1 496.9226 21.1679 
2 548.6141 20.7381 
3 548.1742 20.7416 
4 460.8085 21.4956 
5 479.6936 21.3212 
6 574.0621 20.5412 
7 597.6350 20.3664 
8 597.7498 20.3656 
9 484.1771 21.2808 
10 497.2177 21.1653 
11 632.1944 20.1223 
12 670.1505 19.8691 
13 669.4653 19.8735 
14 517.9143 20.9882 
15 500.2328 21.1391 
16 657.8985 19.9492 
17 648.5939 20.0111 
18 654.7031 19.9704 
19 442.0520 21.6761 
20 431.8939 21.7770 
21 611.9985 20.2633 
22 564.9242 20.6109 
23 565.0017 20.6103 
24 350.4100 22.6850 
25 344.3421 22.7609 
26 574.6015 20.5371 
27 583.7001 20.4689 
28 583.2029 20.4726 
29 348.1047 22.7137 
30 336.1279 22.8658 
31 587.0463 20.4441 
32 478.9478 21.3279 
33 479.1453 21.3261 
34 232.7769 24.4614 
35 205.0895 25.0114 
36 405.2522 22.0535 
37 235.0291 24.4196 
38 234.7204 24.4253 
39 96.5054 28.2853 
40 79.6217 29.1205 
41 197.8575 25.1673 
42 175.9847 25.6761 
43 175.7266 25.6824 
44 73.9803 29.4396 
45 73.5714 29.4637 
46 182.0865 25.5280 
47 249.4726 24.1606 
48 249.0809 24.1674 
49 114.0207 27.5610 
50 97.3934 28.2455 
51 236.9022 24.3851 
52 187.6786 25.3967 
53 187.1686 25.4085 
54 75.4787 29.3526 
55 67.6419 29.8286 
56 142.0981 26.6049 
57 150.7353 26.3487 
58 149.7537 26.3770 
59 80.6398 29.0653 
60 52.1753 30.9562 
61 121.0635 27.3007 
62 118.3925 27.3976 
63 118.1877 27.4051 
64 60.2724 30.3296 
65 62.7320 30.1559 
66 126.7512 27.1013 
67 214.3500 24.8196 
68 213.0700 24.8456 
69 103.3481 27.9878 
70 75.0352 29.3782 
71 223.7003 24.6341 
72 350.0634 22.6893 
73 349.5915 22.6952 
74 140.7944 26.6449 
75 141.1331 26.6345 
76 335.7759 22.8703 
77 354.4328 22.6355 
78 354.1630 22.6388 
79 157.3929 26.1610 
80 134.7297 26.8362 
81 368.2561 22.4693 
82 3194.1882 13.0872 
83 3196.5798 13.0839 
84 3197.4511 13.0828 
85 2026.6552 15.0630 
86 2976.1815 13.3942 
87 2376.2440 14.3719 
88 1734.0041 15.7403 
89 1733.8928 15.7406 
90 1763.6576 15.6667 
91 2600.3470 13.9805 
92 2365.6308 14.3913 
93 1716.0044 15.7856 
94 1715.8774 15.7859 
95 1967.5090 15.1916 
96 2634.9093 13.9231 
97 2486.1820 14.1755 
98 1800.7281 15.5763 
99 1800.0471 15.5780 
100 1742.2542 15.7197 
101 2573.6793 14.0253 
102 2140.6135 14.8254 
103 1259.4207 17.1291 
104 1258.3656 17.1327 
105 1278.4323 17.0640 
106 1865.2012 15.4235 
107 2033.0848 15.0492 
108 1400.9491 16.6666 
109 1400.6478 16.6675 
110 1386.4563 16.7117 
111 1947.7632 15.2354 
112 2094.5176 14.9200 
113 1463.6358 16.4765 
114 1463.2457 16.4776 
115 1476.5923 16.4382 
116 2395.2824 14.3372 
117 2416.1998 14.2995 
118 1769.5095 15.6523 
119 1768.8485 15.6539 
