0 347.6748 22.7191 
1 395.6168 22.1581
2 400.7641 22.1019
3 418.9501 21.9092
4 397.1318 22.1415
5 415.4568 21.9455
6 451.7365 21.5820
7 441.9405 21.6772
8 458.2362 21.5199
9 416.6692 21.9329
10 429.0603 21.8056
11 492.4942 21.2068
12 494.3172 21.1907
13 511.5505 21.0419
14 444.7404 21.6497
15 434.4021 21.7519
16 503.6926 21.1091
17 482.9688 21.2916
18 501.1801 21.1309
19 383.4185 22.2941
20 371.0597 22.4364
21 453.3475 21.5665
22 426.1519 21.8352
23 428.7772 21.8085
24 305.1518 23.2856
25 301.0931 23.3438
26 439.8749 21.6975
27 433.3942 21.7620
28 440.0574 21.6957
29 300.6159 23.3507
30 294.0909 23.4460
31 434.6252 21.7497
32 392.5291 22.1921
33 378.7310 22.3475
34 211.6969 24.8737
35 170.6988 25.8085
36 264.4632 23.9072
37 217.5919 24.7544
38 188.0996 25.3869
39 86.8035 28.7454
40 64.8224 30.0136
41 125.3088 27.1510
42 125.9949 27.1273
43 118.2810 27.4017
44 62.2471 30.1896
45 67.1742 29.8588
46 135.0827 26.8248
47 156.0112 26.1992
48 160.0292 26.0888
49 92.9239 28.4495
50 81.5170 29.0183
51 155.1790 26.2225
52 153.7187 26.2635
53 138.3312 26.7216
54 68.6990 29.7613
55 55.5965 30.6803
56 90.1019 28.5835
57 92.3576 28.4761
58 91.8063 28.5021
59 62.3364 30.1834
60 42.2214 31.8755
61 72.7944 29.5098
62 76.9992 29.2659
63 73.7011 29.4561
64 49.0882 31.2210
65 57.0846 30.5656
66 99.0865 28.1707
67 115.2396 27.5148
68 127.0150 27.0923
69 81.1304 29.0390
70 73.2439 29.4831
71 177.6071 25.6362
72 220.6065 24.6946
73 229.7333 24.5186
74 120.8262 27.3092
75 123.9240 27.1992
76 240.8548 24.3133
77 245.0412 24.2384
78 243.9250 24.2582
79 131.2441 26.9500
80 198.3314 25.1569
81 595.4741 20.3822
82 1061.7913 17.8704
83 1629.8845 16.0092
84 2324.8698 14.4668
85 1732.6153 15.7438
86 2090.4907 14.9283
87 1911.2918 15.3175
88 1530.3077 16.2830
89 1517.6547 16.3191
90 1507.8747 16.3472
91 1870.5472 15.4111
92 1809.8623 15.5543
93 1493.8579 16.3877
94 1505.6512 16.3536
95 1694.2414 15.8411
96 1994.5535 15.1323
97 2000.2428 15.1200
98 1520.1667 16.3119
99 1575.1597 16.1576
100 1516.7718 16.3216
101 1969.1533 15.1880
102 1758.0873 15.6804
103 1136.5989 17.5747
104 1108.1038 17.6850
105 1120.4757 17.6368
106 1473.0077 16.4488
107 1534.6674 16.2707
108 1156.8839 17.4979
109 1210.8071 17.3001
110 1196.3330 17.3523
111 1463.3128 16.4774
112 1579.7949 16.1448
113 1261.6844 17.1213
114 1290.2818 17.0240
115 1261.9192 17.1205
116 1762.4473 15.6696
117 1816.2887 15.5390
118 1485.4807 16.4121
119 1538.4994 16.2598
