0 350.0141 22.6899 
1 423.1231 21.8661 
2 463.6165 21.4692 
3 509.7518 21.0572 
4 461.7096 21.4871 
5 452.4569 21.5750 
6 505.7489 21.0915 
7 503.0118 21.1150 
8 529.1417 20.8951 
9 467.9434 21.4289 
10 477.9253 21.3372 
11 567.5974 20.5904 
12 571.6897 20.5592 
13 592.1963 20.4061 
14 497.3119 21.1645 
15 482.8138 21.2930 
16 581.3231 20.4866 
17 558.5684 20.6600 
18 577.9992 20.5115 
19 426.6529 21.8301 
20 413.5385 21.9656 
21 524.0190 20.9373 
22 492.1656 21.2097 
23 492.1367 21.2099 
24 337.6259 22.8464 
25 333.8071 22.8958 
26 506.9094 21.0815 
27 501.5982 21.1272 
28 508.1669 21.0707 
29 334.0753 22.8924 
30 324.5979 23.0173 
31 496.8078 21.1689 
32 444.9897 21.6473 
33 423.3826 21.8635 
34 227.5027 24.5609 
35 188.9796 25.3667 
36 305.0911 23.2865 
37 249.0295 24.1683 
38 209.0078 24.9292 
39 92.9708 28.4473 
40 73.2262 29.4841 
41 145.3012 26.5081 
42 145.3133 26.5078 
43 133.3375 26.8813 
44 67.3742 29.8459 
45 70.4198 29.6539 
46 148.9496 26.4004 
47 175.1285 25.6972 
48 182.1268 25.5271 
49 102.3336 28.0306 
50 88.7671 28.6483 
51 174.6088 25.7101 
52 171.0746 25.7989 
53 150.3886 26.3587 
54 71.4424 29.5912 
55 61.0112 30.2767 
56 100.9220 28.0909 
57 101.3265 28.0736 
58 98.8760 28.1799 
59 66.7620 29.8855 
60 46.8652 31.4223 
61 81.5013 29.0192 
62 85.2136 28.8257 
63 82.3913 28.9720 
64 53.9741 30.8089 
65 58.1008 30.4890 
66 103.4140 27.9850 
67 124.0360 27.1953 
68 139.7264 26.6780 
69 88.1737 28.6774 
70 74.5588 29.4058 
71 192.7584 25.2807 
72 253.1223 24.0975 
73 230.8391 24.4977 
74 124.9507 27.1634 
75 143.5270 26.5615 
76 297.9870 23.3888 
77 326.6421 22.9901 
78 360.7973 22.5582 
79 181.8093 25.5346 
80 204.3387 25.0273 
81 695.7602 19.7062 
82 1355.3330 16.8103 
83 2120.2174 14.8670 
84 2803.7740 13.6534 
85 1918.5776 15.3010 
86 2395.1174 14.3375 
87 2142.2593 14.8221 
88 1680.2828 15.8770 
89 1654.8195 15.9433 
90 1677.4495 15.8843 
91 2162.4306 14.7814 
92 2086.6442 14.9363 
93 1681.3065 15.8743 
94 1653.2341 15.9475 
95 1891.4965 15.3627 
96 2302.1808 14.5094 
97 2323.5348 14.4693 
98 1728.8852 15.7531 
99 1742.1795 15.7199 
100 1676.8007 15.8860 
101 2271.5185 14.5676 
102 2053.5493 15.0058 
103 1286.9740 17.0351 
104 1223.7164 17.2540 
105 1236.7667 17.2079 
106 1694.4399 15.8405 
107 1766.7012 15.6592 
108 1316.4084 16.9369 
109 1340.5094 16.8581 
110 1305.2561 16.9738 
111 1625.0741 16.0221 
112 1736.6924 15.7336 
113 1343.3004 16.8491 
114 1366.9094 16.7734 
115 1438.8171 16.5507 
116 2095.1498 14.9187 
117 2116.5054 14.8746 
118 1660.0276 15.9297 
119 1551.6613 16.2228 
