0 350.0117 22.6900 
1 423.1257 21.8661 
2 463.6175 21.4692 
3 509.7605 21.0571 
4 461.7097 21.4871 
5 452.4613 21.5750 
6 505.7535 21.0914 
7 503.0056 21.1151 
8 529.1378 20.8951 
9 467.9331 21.4290 
10 477.9296 21.3372 
11 567.5928 20.5904 
12 571.6860 20.5592 
13 592.1797 20.4063 
14 497.3188 21.1645 
15 482.7919 21.2932 
16 581.3464 20.4865 
17 558.4057 20.6613 
18 577.8206 20.5129 
19 426.5170 21.8314 
20 413.4061 21.9670 
21 523.2071 20.9441 
22 490.6598 21.2230 
23 490.0892 21.2281 
24 336.3996 22.8622 
25 333.3412 22.9019 
26 502.9921 21.1152 
27 492.7174 21.2048 
28 492.1502 21.2098 
29 325.1883 23.0095 
30 333.5891 22.8987 
31 524.1811 20.9360 
32 480.8550 21.3107 
33 412.2503 21.9792 
34 223.6213 24.6357 
35 171.5322 25.7873 
36 262.1541 23.9452 
37 205.7986 24.9964 
38 204.7815 25.0179 
39 92.9929 28.4463 
40 69.8695 29.6879 
41 138.0435 26.7306 
42 138.1033 26.7288 
43 131.5026 26.9415 
44 67.0148 29.8691 
45 70.1047 29.6733 
46 148.3024 26.4193 
47 174.3722 25.7160 
48 181.7503 25.5361 
49 102.2441 28.0344 
50 88.7272 28.6502 
51 174.5071 25.7127 
52 170.9820 25.8013 
53 150.3362 26.3602 
54 71.4107 29.5932 
55 61.0161 30.2764 
56 100.9038 28.0917 
57 101.1980 28.0791 
58 98.6084 28.1917 
59 66.6111 29.8953 
60 46.8486 31.4238 
61 81.0838 29.0415 
62 83.8501 28.8958 
63 79.1402 29.1468 
64 52.1552 30.9578 
65 58.3544 30.4701 
66 102.6300 28.0181 
67 126.2915 27.1171 
68 121.0217 27.3022 
69 80.2563 29.0860 
70 85.7277 28.7996 
71 208.2755 24.9444 
72 249.5379 24.1594 
73 286.7634 23.5556 
74 136.1410 26.7909 
75 133.8747 26.8638 
76 281.9954 23.6284 
77 308.1250 23.2435 
78 323.5433 23.0315 
79 170.1058 25.8236 
80 201.2538 25.0934 
81 685.1425 19.7730 
82 1334.6983 16.8770 
83 2096.8634 14.9151 
84 2789.1320 13.6761 
85 1921.8974 15.2935 
86 2401.1384 14.3266 
87 2146.7918 14.8129 
88 1682.2269 15.8720 
89 1654.9488 15.9430 
90 1677.2666 15.8848 
91 2160.7295 14.7848 
92 2083.2430 14.9434 
93 1677.2742 15.8848 
94 1650.0696 15.9558 
95 1894.0056 15.3570 
96 2299.1687 14.5151 
97 2299.5179 14.5144 
98 1694.2980 15.8409 
99 1704.8920 15.8138 
100 1728.9071 15.7531 
101 2369.8821 14.3835 
102 2188.5209 14.7293 
103 1384.7755 16.7170 
104 1153.8641 17.5093 
105 1130.8904 17.5966 
106 1563.1888 16.1907 
107 1695.2388 15.8385 
108 1309.3558 16.9602 
109 1378.3872 16.7371 
110 1281.1024 17.0550 
111 1589.1834 16.1191 
112 1715.7017 15.7864 
113 1337.9191 16.8665 
114 1371.6359 16.7584 
115 1434.4451 16.5640 
116 2086.2377 14.9372 
117 2107.7755 14.8926 
118 1654.8088 15.9433 
119 1550.5780 16.2259 
