0 0.3317 52.9237 
1 0.2656 53.8888
2 0.2937 53.4512
3 0.3809 52.3231
4 0.4354 51.7418
5 1.7929 45.5953
6 0.3938 52.1778
7 0.3738 52.4042
8 0.3753 52.3875
9 0.4026 52.0826
10 0.4518 51.5811
11 1.8571 45.4424
12 0.3703 52.4456
13 0.3497 52.6941
14 0.3551 52.6276
15 0.5541 50.6948
16 0.4371 51.7246
17 1.9436 45.2447
18 0.3671 52.4825
19 0.3617 52.5476
20 0.4530 51.5703
21 0.4596 51.5068
22 0.5011 51.1313
23 1.8702 45.4120
24 0.4870 51.2556
25 0.4096 52.0067
26 0.5206 50.9660
27 0.4660 51.4467
28 0.4466 51.6315
29 1.7654 45.6623
30 0.6452 50.0341
31 0.4218 51.8797
32 0.4694 51.4152
33 0.5995 50.3526
34 0.5271 50.9117
35 2.2001 44.7063
36 0.4425 51.6721
37 0.5858 50.4533
38 0.4848 51.2756
39 0.5320 50.8715
40 0.5820 50.4816
41 2.1568 44.7927
42 0.5964 50.3752
43 0.5122 51.0364
44 0.5326 50.8667
45 0.6617 49.9243
46 0.5014 51.1285
47 2.1718 44.7626
48 0.5701 50.5714
49 0.4756 51.3580
50 0.6065 50.3023
51 0.7496 49.3826
52 0.7790 49.2153
53 2.2885 44.5352
54 0.5534 50.7007
55 0.5376 50.8259
56 0.6278 50.1524
57 0.6328 50.1178
58 0.7577 49.3360
59 2.2913 44.5300
60 0.5359 50.8397
61 0.4890 51.2373
62 0.5968 50.3729
63 0.5459 50.7597
64 0.5631 50.6251
65 2.0564 44.9997
66 0.3814 52.3173
67 0.5739 50.5423
68 0.4557 51.5438
69 0.5223 50.9512
70 0.4728 51.3842
71 2.1516 44.8032
72 0.3764 52.3743
73 0.5291 50.8956
