0 305.9934 23.2737 
1 108.6268 27.7714
2 333.5852 22.8987
3 371.0643 22.4363
4 125.6283 27.1399
5 366.8355 22.4861
6 392.8730 22.1883
7 140.4752 26.6548
8 395.2541 22.1620
9 350.6453 22.6821
10 123.5556 27.2122
11 302.4960 23.3236
12 254.7606 24.0695
13 93.1859 28.4373
14 216.4205 24.7778
15 203.0545 25.0547
16 90.8328 28.5484
17 193.9216 25.2545
18 192.3518 25.2898
19 85.8073 28.7956
20 138.3168 26.7221
21 85.2255 28.8251
22 45.5245 31.5484
23 36.7055 32.4835
24 32.9947 32.9464
25 20.4958 35.0142
26 26.9246 33.8293
27 32.6013 32.9985
28 25.6476 34.0403
29 41.1420 31.9880
30 33.2145 32.9175
31 27.3198 33.7660
32 35.6532 32.6098
33 32.0313 33.0751
34 18.0118 35.5752
35 32.1526 33.0586
36 28.3907 33.5990
37 16.7558 35.8892
38 34.0515 32.8094
39 29.7973 33.3890
40 19.4770 35.2356
41 31.5784 33.1369
42 31.0747 33.2067
43 34.0763 32.8063
44 50.3077 31.1145
45 41.8037 31.9187
46 33.2364 32.9147
47 43.4222 31.7537
48 54.7540 30.7466
49 59.9425 30.3535
50 502.7105 21.1176
51 1387.6286 16.7081
52 1237.6299 17.2049
53 254.8297 24.0683
54 1175.7199 17.4278
55 1103.5698 17.7028
56 258.0688 24.0134
57 1470.1305 16.4572
58 1266.4619 17.1049
59 248.1281 24.1840
60 1277.4581 17.0673
61 992.5990 18.1631
62 200.5904 25.1077
63 945.2943 18.3751
64 963.1155 18.2940
65 209.8799 24.9111
66 977.9627 18.2276
67 874.3907 18.7137
68 219.4261 24.7179
69 1007.9011 18.0966
70 955.6505 18.3278
71 256.0046 24.0483
72 1296.2813 17.0038
73 1212.8746 17.2926
