0 89.4327 28.6158 
1 270.3403 23.8117
2 375.9294 22.3797
3 157.6781 26.1531
4 118.3520 27.3990
5 153.6613 26.2652
6 387.7580 22.2452
7 515.0606 21.0122
8 503.8696 21.1076
9 365.6150 22.5006
10 509.2241 21.0617
11 694.8048 19.7122
12 668.3018 19.8811
13 628.7364 20.1461
14 387.3465 22.2498
15 339.5698 22.8215
16 594.1471 20.3919
17 728.6970 19.5053
18 695.8385 19.7057
19 559.1620 20.6554
20 523.5873 20.9409
21 783.3409 19.1913
22 763.4856 19.3028
23 588.9092 20.4303
24 453.1785 21.5681
25 553.8315 20.6970
26 701.0849 19.6731
27 755.3243 19.3495
28 773.3912 19.2468
29 763.9515 19.3001
30 599.7950 20.3508
31 875.2026 18.7097
32 727.0193 19.5153
33 646.5853 20.0245
34 373.6648 22.4060
35 389.8546 22.2218
36 397.3225 22.1394
37 571.1311 20.5634
38 482.5358 21.2955
39 278.2201 23.6869
40 350.9818 22.6780
41 586.3042 20.4496
42 668.1842 19.8818
43 613.8827 20.2499
44 451.1310 21.5878
45 364.6316 22.5123
46 492.6958 21.2050
47 630.2548 20.1356
48 456.7446 21.5341
49 582.0526 20.4812
50 672.1284 19.8563
51 894.1650 18.6166
52 1296.1961 17.0041
53 1639.6595 15.9833
54 1983.6219 15.1562
55 2731.8137 13.7663
56 2002.7319 15.1146
57 1665.1097 15.9164
58 1364.5984 16.7808
59 904.0039 18.5691
60 761.3705 19.3148
61 1020.3129 18.0435
62 1031.3233 17.9969
63 879.8718 18.6866
64 576.8227 20.5204
65 537.2498 20.8290
66 765.3255 19.2923
67 920.2308 18.4918
68 997.8316 18.1402
69 840.3071 18.8864
70 758.2249 19.3328
71 987.4754 18.1855
72 969.8017 18.2640
73 854.5452 18.8135
74 578.8880 20.5049
75 786.6916 19.1728
76 1424.7119 16.5935
77 2174.6172 14.7570
78 2442.9447 14.2517
79 1120.1594 17.6380
80 677.7315 19.8202
81 790.6206 19.1511
82 865.1555 18.7599
83 775.6500 19.2341
84 552.2797 20.7092
85 406.5556 22.0396
86 595.9531 20.3787
87 682.2307 19.7915
88 721.2177 19.5501
89 627.5139 20.1546
90 640.0909 20.0684
91 757.3535 19.3378
92 786.0558 19.1763
93 807.3157 19.0604
94 629.8675 20.1383
95 479.1399 21.3262
96 809.5507 19.0484
97 935.5776 18.4200
98 870.0870 18.7352
99 492.5518 21.2063
100 514.3374 21.0183
101 689.5570 19.7451
102 825.8853 18.9616
103 707.6854 19.6324
104 496.3820 21.1726
105 518.7143 20.9815
106 930.3086 18.4445
107 1227.0463 17.2422
108 1443.8454 16.5356
109 1066.8472 17.8498
110 944.3019 18.3797
111 1143.9595 17.5467
112 1039.2367 17.9637
113 908.6788 18.5467
114 729.2301 19.5022
115 777.6919 19.2227
116 926.8794 18.4606
117 954.9661 18.3309
118 789.2881 19.1584
119 467.1011 21.4367
