0 175.4623 25.6890 
1 115.8180 27.4930
2 102.6618 28.0167
3 95.3625 28.3370
4 134.9416 26.8293
5 232.6058 24.4646
6 419.5006 21.9035
7 393.2925 22.1836
8 301.5157 23.3377
9 304.0199 23.3018
10 376.7097 22.3707
11 439.0891 21.7053
12 420.1582 21.8967
13 507.7739 21.0741
14 301.4914 23.3381
15 286.5151 23.5593
16 312.9307 23.1763
17 681.0905 19.7988
18 557.8200 20.6659
19 660.7984 19.9301
20 389.5662 22.2250
21 396.7365 22.1458
22 367.5700 22.4774
23 194.3967 25.2439
24 321.4407 23.0598
25 455.3971 21.5469
26 393.8968 22.1770
27 347.8145 22.7173
28 512.5860 21.0331
29 562.2128 20.6318
30 450.8775 21.5902
31 557.7944 20.6661
32 997.4345 18.1420
33 2254.8705 14.5996
34 924.6345 18.4711
35 767.4857 19.2801
36 541.4858 20.7949
37 415.0173 21.9501
38 392.9858 22.1870
39 440.7152 21.6892
40 467.2024 21.4358
41 640.7148 20.0642
42 573.7902 20.5433
43 416.0599 21.9392
44 409.5932 22.0073
45 535.6836 20.8417
46 813.1103 19.0293
47 728.5814 19.5060
48 480.5147 21.3137
49 369.4178 22.4556
50 328.6660 22.9633
51 308.2776 23.2414
52 452.2533 21.5770
53 520.6178 20.9656
54 542.8510 20.7840
55 596.7119 20.3732
56 555.2293 20.6861
57 452.7700 21.5720
58 615.6422 20.2375
59 542.7549 20.7848
60 525.6842 20.9236
61 492.5693 21.2061
62 414.7767 21.9527
63 411.0200 21.9922
64 681.1488 19.7984
65 929.1842 18.4498
66 824.1269 18.9709
67 626.4127 20.1622
68 532.4151 20.8683
69 593.9246 20.3935
70 616.5603 20.2310
71 428.7831 21.8084
72 463.0905 21.4741
73 350.4812 22.6842
