0 273.7658 23.7570 
1 102.6113 28.0189
2 304.9809 23.2881
3 334.1284 22.8917
4 118.0127 27.4115
5 329.8556 22.9476
6 349.7698 22.6930
7 133.1527 26.8873
8 354.5142 22.6345
9 324.0599 23.0246
10 114.0146 27.5612
11 276.5894 23.7124
12 248.0642 24.1852
13 84.2616 28.8745
14 204.4958 25.0240
15 194.2371 25.2475
16 82.6617 28.9578
17 187.2791 25.4059
18 184.6017 25.4684
19 76.0365 29.3206
20 128.4183 27.0445
21 88.8671 28.6434
22 38.8756 32.2340
23 36.1210 32.5532
24 31.3428 33.1694
25 18.0742 35.5602
26 26.7358 33.8599
27 31.2384 33.1839
28 23.0060 34.5124
29 41.9749 31.9009
30 34.3869 32.7669
31 24.3433 34.2670
32 34.7060 32.7268
33 30.2393 33.3251
34 16.0935 36.0643
35 31.9860 33.0812
36 25.8595 34.0046
37 15.5455 36.2148
38 31.3539 33.1679
39 28.8251 33.5331
40 16.9412 35.8414
41 33.6140 32.8656
42 30.4622 33.2932
43 31.0592 33.2089
44 53.6854 30.8322
45 46.3631 31.4691
46 27.8739 33.6788
47 49.0201 31.2271
48 49.5791 31.1778
49 47.2361 31.3881
50 799.7001 19.1015
51 1245.7776 17.1764
52 1154.3391 17.5075
53 434.0294 21.7556
54 1071.9257 17.8292
55 1025.2935 18.0223
56 429.5208 21.8010
57 1302.4262 16.9833
58 1199.2900 17.3416
59 450.4903 21.5939
60 1141.3737 17.5565
61 946.2256 18.3709
62 314.9385 23.1485
63 839.8896 18.8886
64 909.8051 18.5413
65 350.8595 22.6795
66 869.3315 18.7389
67 824.8079 18.9673
68 366.4911 22.4902
69 888.8445 18.6425
70 904.6365 18.5661
71 442.6690 21.6700
72 1197.6523 17.3475
73 1104.5373 17.6990
