0 93.7568 28.4108 
1 323.1936 23.0362
2 469.6450 21.4131
3 206.8265 24.9747
4 135.9776 26.7961
5 160.2338 26.0833
6 427.6496 21.8199
7 604.7449 20.3151
8 595.8750 20.3793
9 418.4594 21.9143
10 554.5269 20.6916
11 789.9994 19.1545
12 789.1946 19.1590
13 735.2512 19.4664
14 433.4123 21.7618
15 362.4615 22.5382
16 650.2685 19.9999
17 835.0766 18.9135
18 824.6590 18.9681
19 641.4181 20.0594
20 575.6513 20.5292
21 902.3333 18.5771
22 904.7478 18.5655
23 704.6550 19.6510
24 510.9396 21.0471
25 614.2662 20.2472
26 813.2517 19.0286
27 893.9971 18.6174
28 897.0309 18.6027
29 863.7816 18.7668
30 677.4579 19.8220
31 1012.6256 18.0763
32 812.5718 19.0322
33 730.5663 19.4942
34 401.7141 22.0916
35 444.3745 21.6533
36 458.0690 21.5215
37 665.8886 19.8968
38 556.3435 20.6774
39 311.8125 23.1919
40 397.8854 22.1332
41 687.6811 19.7569
42 791.7495 19.1449
43 722.0586 19.5451
44 508.6773 21.0664
45 401.6488 22.0923
46 569.0343 20.5794
47 760.8558 19.3178
48 555.3180 20.6854
49 671.2772 19.8618
50 726.8561 19.5163
51 1022.1684 18.0356
52 1586.8515 16.1254
53 2067.0592 14.9773
54 2377.1329 14.3703
55 3028.4914 13.3185
56 2187.9291 14.7305
57 1761.8218 15.6712
58 1424.1137 16.5954
59 941.1828 18.3941
60 851.6976 18.8279
61 1214.6770 17.2862
62 1260.5825 17.1251
63 1038.8837 17.9651
64 639.0172 20.0757
65 599.3009 20.3544
66 881.3500 18.6793
67 1084.9251 17.7768
68 1169.2851 17.4516
69 944.2927 18.3797
70 847.6213 18.8488
71 1149.1324 17.5271
72 1141.6457 17.5555
73 1009.7093 18.0888
74 657.4470 19.9522
75 830.3959 18.9380
76 1491.3910 16.3949
77 2302.1525 14.5095
78 2596.0738 13.9876
79 1146.6926 17.5363
80 806.3653 19.0655
81 968.2123 18.2711
82 1034.2122 17.9847
83 888.1711 18.6458
84 604.2855 20.3184
85 450.7786 21.5912
86 686.0255 19.7674
87 791.1467 19.1482
88 831.1504 18.9340
89 702.1195 19.6667
90 703.4486 19.6585
91 848.9866 18.8418
92 886.4917 18.6541
93 923.5798 18.4761
94 695.9085 19.7053
95 528.6596 20.8990
96 926.2016 18.4637
97 1057.2444 17.8890
98 977.8251 18.2282
99 545.0978 20.7661
100 575.4478 20.5307
101 813.3490 19.0280
102 986.1827 18.1912
103 838.0433 18.8981
104 559.9646 20.6492
105 539.9971 20.8069
106 997.6954 18.1408
107 1371.2437 16.7597
108 1681.6111 15.8735
109 1181.0867 17.4080
110 1081.3300 17.7912
111 1341.7371 16.8541
112 1225.8589 17.2464
113 1036.7371 17.9741
114 791.8690 19.1443
115 882.1272 18.6755
116 1089.2878 17.7594
117 1124.8609 17.6198
118 913.1145 18.5256
119 508.3706 21.0690
