0 398.6069 22.1254 
1 0.6488 50.0099
2 460.8085 21.4956
3 475.7821 21.3567
4 0.8468 48.8530
5 484.1771 21.2808
6 518.5967 20.9825
7 0.7751 49.2370
8 517.9143 20.9882
9 477.0213 21.3454
10 5.6064 40.6439
11 442.0520 21.6761
12 370.3850 22.4443
13 0.7450 49.4095
14 350.4100 22.6850
15 331.5999 22.9247
16 0.9824 48.2077
17 348.1047 22.7137
18 326.7458 22.9887
19 0.8501 48.8359
20 232.7769 24.4614
21 175.4247 25.6899
22 0.5977 50.3657
23 96.5054 28.2853
24 82.1076 28.9870
25 0.7080 49.6305
26 73.9803 29.4396
27 80.0757 29.0958
28 0.6722 49.8560
29 114.0207 27.5610
30 89.9569 28.5905
31 0.7525 49.3658
32 75.4787 29.3526
33 64.0146 30.0680
34 1.1905 47.3734
35 80.6398 29.0653
36 60.1906 30.3355
37 0.6387 50.0778
38 60.2724 30.3296
39 58.4211 30.4651
40 2.3771 44.3704
41 103.3481 27.9878
42 97.8709 28.2243
43 0.5481 50.7423
44 140.7944 26.6449
45 119.6420 27.3520
46 0.6922 49.7286
47 157.3929 26.1610
48 148.6947 26.4078
49 129.1108 27.0212
50 3197.4511 13.0828
51 1953.2047 15.2233
52 1736.4337 15.7342
53 1733.8928 15.7406
54 1680.5831 15.8762
55 1623.0991 16.0274
56 1715.8774 15.7859
57 1955.0165 15.2193
58 1850.9499 15.4569
59 1800.0471 15.5780
60 1827.5509 15.5121
61 1443.2370 16.5374
62 1258.3656 17.1327
63 1334.1657 16.8787
64 1432.1816 16.5708
65 1400.6478 16.6675
66 1326.3034 16.9044
67 1231.6167 17.2260
68 1463.2457 16.4776
69 1498.9557 16.3729
70 1499.6725 16.3708
71 1768.8485 15.6539
72 1908.3609 15.3242
73 1683.9386 15.8675
